-2.762843967240610270e-06
-2.773986369702026449e-06
-2.774489890238963488e-06
-2.740261940743458444e-06
-2.763552078613484061e-06
-2.749749126105537150e-06
-2.765628191111698789e-06
-2.691426140732879304e-06
-2.755051906447794472e-06
-2.762004190378122855e-06
-2.772073276980807976e-06
-2.734424091620053807e-06
-2.725992262002405911e-06
-2.778507501995138938e-06
-2.735532521848470810e-06
-2.777887166055220981e-06
-2.763263746533302815e-06
-2.765791147531650841e-06
-2.769996050739580485e-06
-2.757590526820878490e-06
-2.783097210809749863e-06
-2.765998444357453554e-06
-2.767215373552137285e-06
-2.656342792896076676e-06
-2.761562749764961628e-06
-2.742001397226749927e-06
-2.753250710520382416e-06
-2.765955893773863122e-06
-2.752086582589970847e-06
-2.737503630945953142e-06
-2.749988562610833728e-06
-2.776240253360170692e-06
-2.770769814934052654e-06
-2.762240227439340657e-06
-2.766398570680541418e-06
-2.775790252744528372e-06
-2.750001300178733255e-06
-2.685951921877797363e-06
-2.762897097927221347e-06
-2.761916542927297631e-06
-2.752719247804289087e-06
-2.764185149423308061e-06
-2.762361107641642346e-06
-2.712767376148153602e-06
-2.748737790348906541e-06
-2.756004560509127344e-06
-2.766281934532397894e-06
-2.762473274992174641e-06
-2.452005012809062958e-06
-2.747472566875805983e-06
-2.780711938825862429e-06
-2.757712861560826276e-06
-2.747818408032561687e-06
-2.752301260970746146e-06
-2.755385206128641255e-06
-2.587895869873968994e-06
-2.748969310631954887e-06
-2.747801323420357050e-06
-2.756601884496038646e-06
-2.776000031152950416e-06
-2.683378710180778500e-06
-2.761407365366119694e-06
-2.745245622923158865e-06
-2.766477603078000585e-06
-2.755607917944774783e-06
-2.758003780147555946e-06
-2.762007994682942730e-06
-2.738936793791015800e-06
-2.699063237541344758e-06
-2.771750946267974561e-06
-2.758013119442202811e-06
-2.754929266992446214e-06
-2.754457988179150979e-06
-2.774889597778187971e-06
-2.754777128009921627e-06
-2.712387778658501615e-06
-2.767660596047762904e-06
-2.774720525513063638e-06
-2.769349109427495043e-06
-2.605537464874460545e-06
-2.701705183475020908e-06
-2.688524654406711800e-06
-2.767332635118312365e-06
-2.771528521480934373e-06
-2.723003065640979072e-06
-2.725888516633942198e-06
-2.740684975068871927e-06
-2.751093338729418596e-06
-2.761314781196763927e-06
-2.627775171798299643e-06
-2.755153624923861180e-06
-2.738469843908366282e-06
-2.779017979415514646e-06
-2.778325373657261748e-06
-2.723780042910120274e-06
-2.764397769135719253e-06
-2.683306130075171846e-06
-2.753582729409262726e-06
-2.691046276293875424e-06
-2.760001575603923203e-06
-2.705702838699076315e-06
-2.776271877401527866e-06
-2.736838661018183840e-06
-2.782425860994675057e-06
-2.761459570634137391e-06
-2.776275812367223859e-06
-2.773263224661040382e-06
-2.758418827596424201e-06
-2.694748468421971764e-06
-2.771820614822218169e-06
-2.788170327680852581e-06
-2.760557479741238431e-06
-2.746284013934325831e-06
-2.706542845143479055e-06
-2.771350949440071837e-06
-2.649827807247029738e-06
-2.752623483768743250e-06
-2.734011519321358331e-06
-2.667317520438743044e-06
-2.771941302555516172e-06
-2.731015969047779853e-06
-2.754005664828254673e-06
-2.768000620673613257e-06
-2.764178609932847923e-06
-2.685641983417200678e-06
-2.780934986726701742e-06
-2.768408406733077621e-06
-2.749166734997832451e-06
-2.766511294545172637e-06
-2.733040673546832586e-06
-2.750408927914487523e-06
-2.790903181471261003e-06
-2.762499129447276526e-06
-2.762854719442700512e-06
-2.751147511742727496e-06
-2.788469117843817776e-06
-2.764000886449863181e-06
-2.700447308760947817e-06
-2.749228229018385369e-06
-2.774973021908101031e-06
-2.769541255948173931e-06
-2.759994760895846915e-06
-2.755247174227942202e-06
-2.771998496620263106e-06
-2.745331366843287644e-06
-2.748543405908554046e-06
-2.783122001303238810e-06
-2.762906918629836494e-06
-2.754001479335169014e-06
-2.775208008870963700e-06
-2.591210140172406997e-06
-2.738891777773382027e-06
-2.764035153633493466e-06
-2.777302426341200733e-06
-2.766167614998138887e-06
-2.770489176274880088e-06
-2.759709473296753732e-06
-2.763351930895536587e-06
-4.537351936852847078e-06
-2.751171827331459233e-06
-2.778982898298312296e-06
-2.761458319920954197e-06
-2.774454414023535541e-06
-2.786551400352102726e-06
-2.743880320912123485e-06
-2.758846224716772963e-06
-2.761986461821611263e-06
-2.763746475018274769e-06
-2.782003442395986416e-06
-2.776163462615250862e-06
-2.705975589982674979e-06
-2.776864888947789364e-06
-2.647447060903363903e-06
-2.643666628117190666e-06
-2.752832506987280956e-06
-2.727316716294796044e-06
-2.693529336838711516e-06
-2.758572375961505212e-06
-2.545912265303853134e-06
-2.771353591112959203e-06
-2.772434260547145272e-06
-2.757867352480138550e-06
-2.691132461725886342e-06
-2.754001448018013826e-06
-2.764864441934383286e-06
-2.534430720989764651e-06
-2.763996378425635662e-06
-2.773612903925673512e-06
-2.730666617092009685e-06
-2.782056516897529484e-06
-2.751556412292470641e-06
-2.741511368637660037e-06
-2.739797654770704448e-06
-2.647757443906672301e-06
-2.771752365208442715e-06
-2.737359078776608761e-06
-2.760122726878811622e-06
-2.769041214032055414e-06
-2.694625882126551884e-06
-2.755951792511836169e-06
-2.772622294932843014e-06
-2.753997154566152021e-06
-2.681696562788841050e-06
-2.766907381580062688e-06
-2.764501053360583481e-06
-2.724809669338943591e-06
-2.756741913491821321e-06
-2.760006483520484121e-06
-2.758573065230884835e-06
-2.755989230619958300e-06
-2.770138954484407997e-06
-2.784179626541922740e-06
-2.777983752979463004e-06
-2.764280430552420382e-06
-2.738830338756674943e-06
-2.754637666397903791e-06
-2.751880054792101729e-06
-2.746797489778182089e-06
-2.759999205098554632e-06
-2.659998176079437606e-07
-2.732907783821930792e-06
-2.772394487161139902e-06
-2.735317980082200620e-06
-2.796895993371825475e-06
-2.764751197332875139e-06
-2.772909428487506486e-06
-2.746171736383009694e-06
-2.781998117819506125e-06
-2.791660111792447316e-06
-2.693388793482983502e-06
-2.761967867828729829e-06
-2.785350913804164365e-06
-2.777295449366376878e-06
-2.749559465249627098e-06
4.527281566600505796e-06
-2.769413696273873950e-06
-2.770007759203876208e-06
-2.780602517015821122e-06
-2.641764398120354573e-06
-2.757163643991078927e-06
-2.755102417443875202e-06
-2.757462593654936892e-06
-2.744119890952127351e-06
-2.766371867043752227e-06
-2.735767853669039442e-06
-2.767234351293251850e-06
-2.753096825058996453e-06
-2.773754732820388816e-06
-2.774361201111540513e-06
-2.770197695166397048e-06
-2.761913982512464971e-06
-2.782621018687490538e-06
-2.641823443431184528e-06
-2.770339046831630021e-06
-2.762988599538568847e-06
-2.763447489814898935e-06
-2.720098986105224295e-06
-2.750185182225518900e-06
-2.751875290347419679e-06
-2.754758636019952451e-06
-2.735813442644389609e-06
-2.776736257012291450e-06
-2.709423891390274458e-06
-2.770614119656559660e-06
-2.782467608296664673e-06
-2.715357164873928698e-06
-2.745635430406698641e-06
-2.764758214488294187e-06
-2.760001206959262456e-06
-2.732665331706036083e-06
-2.734276795424952212e-06
-2.758421131963633200e-06
-2.746094071515093486e-06
-2.766626007097846188e-06
-2.787508691173702602e-06
-2.779888361392954972e-06
-1.338827428002718306e-06
-2.776889446352609315e-06
-2.768013104959020978e-06
-2.772850961756934525e-06
-2.760001143633449628e-06
-2.768901636661323810e-06
-2.772000410651953952e-06
-2.770261674363506376e-06
-2.771991717013608236e-06
-2.762581063352408107e-06
-2.738007668984535355e-06
-2.718581939738098079e-06
-2.720640914836575712e-06
-2.775867620642647110e-06
-2.714654233120243873e-06
-2.760645208538683277e-06
-2.746687780181436185e-06
-2.737748872786309048e-06
-2.766123707331989690e-06
-2.772341657122440661e-06
-2.754334129256845870e-06
-2.757166506138598615e-06
-2.773369463463579301e-06
-2.781904750215057504e-06
-2.663284805240624083e-06
-2.711742499043495056e-06
-2.772424670790986305e-06
-2.758004354863011819e-06
-2.774248116727894903e-06
-2.767428193418942557e-06
-2.772880776104198070e-06
-2.719196110850102827e-06
-2.773986962582988602e-06
-2.776232673142640382e-06
-2.747074499612732473e-06
-2.727189133555302289e-06
-2.770694097177219280e-06
-2.751145079253512678e-06
-2.759532029268005502e-06
-2.748509964451346338e-06
-2.755231034493744426e-06
-2.709265773991596357e-06
-2.713404442458762736e-06
-2.775162319914331751e-06
-2.771552601717026702e-06
-2.780149810036667125e-06
-2.691774461757659753e-06
-2.768067319198931987e-06
-2.505245711982199576e-06
-2.721790480555852365e-06
-2.734852817529923832e-06
-2.778001840206260382e-06
-2.767628356629133648e-06
-2.776657474188651316e-06
-2.765995948302195506e-06
-2.756792173854280054e-06
-2.742174832848153521e-06
-2.689048779653554131e-06
-2.762000215862829710e-06
-2.773547188649188782e-06
-2.753999886553835908e-06
-2.748135855508393981e-06
-2.752282059720752329e-06
-2.795760137339419770e-06
-2.757997067531378233e-06
-2.649912452504191800e-06
-2.732908306671994834e-06
-2.719267273411185505e-06
-2.753603515281396977e-06
-2.719052734209249540e-06
-2.757875817181739538e-06
-2.770726046594119748e-06
-2.782164638937066689e-06
-2.776030321970756042e-06
-2.771101663960129450e-06
-2.683950090407803646e-06
-2.721923286626302639e-06
-2.762000118129029999e-06
-2.772432317679591625e-06
-2.711899839496238252e-06
-2.756794328283206929e-06
-2.785263450599640050e-06
-2.764808589810949248e-06
-2.770004486056540848e-06
-2.753904481610084863e-06
-2.732114013718034882e-06
-2.742751168325637285e-06
-2.755240104179575750e-06
-2.604970742746491411e-06
-2.750531324745393532e-06
-2.774658392417578067e-06
-2.763728317458455334e-06
-2.764607276655450079e-06
-2.732908882480577218e-06
-2.747469620220970854e-06
-2.729420879070077263e-06
-2.788575897346302213e-06
-2.746246724321621949e-06
-2.744246930502510032e-06
-2.766332119651284301e-06
-2.723177157721378647e-06
-2.741484537643574418e-06
-2.746546086637958935e-06
-3.210090108700866919e-06
-2.790002714694843011e-06
-2.785241296737099414e-06
-2.753426198883313200e-06
-2.769454451371732227e-06
-2.730641554833113150e-06
-2.768580741862154994e-06
-2.761978697603792294e-06
-2.766277577778009891e-06
-2.743283092305148838e-06
-2.765018082733036233e-06
-2.766024547103844617e-06
-2.752001975933380059e-06
-2.744266429836499893e-06
-2.765426100261206375e-06
-2.786605835094687929e-06
-2.737250088663901279e-06
-2.746290645728014780e-06
-2.767986150691826821e-06
-2.745352479951346427e-06
-2.771758352499814227e-06
-2.767522858167781437e-06
-2.774011026134188666e-06
-2.706388527664301716e-06
-2.745326364733622990e-06
-2.768858501520029096e-06
-2.768681584720012273e-06
-2.737906018193853328e-06
-2.735990634889129056e-06
-2.770009625108018965e-06
-2.743577160007016849e-06
-2.744715790311917399e-06
-2.754486401150714436e-06
-2.778372025236877002e-06
-2.663667848383009933e-06
-2.756000214342906562e-06
-2.770365102020848463e-06
5.004900484250182819e-07
-2.739876082440200557e-06
-2.759982216554643223e-06
-2.693552792968577720e-06
-5.528122427403133256e-06
-2.780368157452279270e-06
-2.682725666651696022e-06
-2.764657905637181440e-06
-2.752928549078130795e-06
-2.623042487532098669e-06
-2.775762440527448560e-06
-2.794447263934121814e-06
-2.722675882020639403e-06
-2.780000059010479876e-06
-2.707162164425582458e-06
-2.768329304947002135e-06
-2.603493066878273831e-06
-2.758014279835588601e-06
-2.784827807148308873e-06
-2.740838102397439315e-06
-2.759465346770058701e-06
-2.745437092494668391e-06
-2.767826635347586904e-06
-2.777049718301044388e-06
-2.756016006827069435e-06
-2.787485014863954601e-06
-2.727025614078200470e-06
-2.767737144690255880e-06
-2.749468996326296864e-06
-2.776288208755058297e-06
-2.710426657859147161e-06
-2.741500844950072833e-06
-2.754790617241184189e-06
-2.775257786809567727e-06
-2.744624750765047087e-06
-2.790623935122766961e-06
-2.736714968466431896e-06
-2.756399478104783479e-06
-2.750001713615868022e-06
-2.750371157406504074e-06
-2.764140346465562725e-06
-2.731286354745706899e-06
-2.777346776019673957e-06
-2.776010252874732726e-06
-2.705848930109201006e-06
-2.713161093651397901e-06
-2.697992099897187963e-06
-2.770289315021370075e-06
-2.748001489814686445e-06
-2.760221272837781585e-06
-2.778484480074086353e-06
-2.779999626824294962e-06
-2.756006223958792781e-06
-2.721995190723354349e-06
-2.748614399579285478e-06
-2.748731101866611367e-06
-2.763350099513526026e-06
-2.784164856334897296e-06
-2.770501241131442720e-06
-2.727302580828253550e-06
-2.774492697622317595e-06
-2.750216987238607323e-06
-2.761233997776040472e-06
-2.737975200304837962e-06
-2.763999814188886323e-06
-2.771479639902084159e-06
-2.642746165720698177e-06
-2.773806107583898609e-06
-2.775280991128635613e-06
-2.761997951497252242e-06
-2.775010428597756904e-06
-2.707779094254427006e-06
-2.770350306012200371e-06
-2.764197407093014971e-06
-2.745267308369388309e-06
-2.772291990267391013e-06
-2.767054846270145960e-06
-2.749593113973615042e-06
-2.797998095128541180e-06
-2.781999343117130736e-06
-2.748563904815495968e-06
-2.760124001359063808e-06
-2.731337165825504372e-06
-2.766003952527819060e-06
-2.770545588578338188e-06
-2.779701488766919447e-06
-2.754017081344698615e-06
-2.761998498208664277e-06
-2.752011565059219882e-06
-2.735374160054102500e-06
-2.761565551294008980e-06
-2.587929615803061978e-06
-2.765348580453281695e-06
-2.773206756273000757e-06
-2.768080928213449841e-06
-2.784934195409062559e-06
-2.737990089439750946e-06
-2.704157494948099705e-06
-2.738009843376432140e-06
-2.772382177004742071e-06
-2.687343245908963067e-06
-2.777629066020989554e-06
-2.761864810473393811e-06
-2.671627072254994102e-06
-2.752770767110004674e-06
-2.729916370113444172e-06
-2.770965217870488723e-06
-2.766465059768231453e-06
-2.750439604899479583e-06
-2.764057065735655245e-06
-2.771995583416207067e-06
-2.744106004124228270e-06
-2.772549049262435026e-06
-2.744624524991643039e-06
-2.763463293443690712e-06
-2.734636663282139210e-06
-2.776001701699990468e-06
-2.734870157628724940e-06
-2.779023522658551576e-06
-2.720976861096284881e-06
-2.699515586302854246e-06
-2.605882380332491285e-06
-2.758311748472633978e-06
-2.683337265758616442e-06
-2.739979287340363629e-06
-2.773158528753178618e-06
-2.769868894132246379e-06
-2.717032657337137934e-06
-2.778489727739342723e-06
-2.707611615460075705e-06
-2.762312945449670369e-06
-2.736160869940220534e-06
-2.780938909834132985e-06
-2.758857102992692960e-06
-2.748581257971719922e-06
-2.693846637700713963e-06
-2.744546883176603899e-06
-2.683041260826401065e-06
-2.681945216876322726e-06
-2.726844050981763072e-06
-2.695885861009758828e-06
-2.752863467147679425e-06
-2.693822464943486821e-06
-2.760811449874561755e-06
-2.752814147806434128e-06
-2.743563829979581167e-06
-2.781726231890611894e-06
-2.773088901966461677e-06
-2.738706822691133255e-06
-2.771071477669661080e-06
-2.755470828117216419e-06
-2.755995404442938317e-06
-2.782879228132864424e-06
-2.729012045488048536e-06
-2.742927134783325473e-06
-2.751765546975829197e-06
-2.743324443610661945e-06
-2.773486286411717956e-06
-2.773998736005319478e-06
-2.757777337300805901e-06
-2.751887666711305457e-06
-2.753429296428298550e-06
-2.761135205876268115e-06
-2.677067252537064589e-06
-2.743351173161937960e-06
-2.766758892038788482e-06
-2.764629665163690920e-06
-2.750003252453814285e-06
-2.727460900398649467e-06
-2.758799221457673276e-06
-2.783823260193718575e-06
-2.669698361557697842e-06
-2.639332709520554094e-06
-2.665943504281641857e-06
-2.753516699278958964e-06
-2.768781875945062684e-06
-2.766001652315066534e-06
-2.787900541673495564e-06
-2.793046720941167371e-06
-2.605901027016218909e-06
-2.757634008516917723e-06
-2.762001758789691577e-06
-2.760368190267326020e-06
-2.745995629219861137e-06
-2.783999272881548111e-06
-2.693063405697143922e-06
-2.771683083852884477e-06
-2.775633653370324230e-06
-2.723450820179257750e-06
-2.771870109364216520e-06
-2.781413859363205338e-06
-2.755998029272279064e-06
-2.709775757331256292e-06
-2.768837762938089457e-06
-2.765815463043902280e-06
-2.746693351647463534e-06
-2.735146212003354887e-06
-2.721916513090419722e-06
-2.772755889505346551e-06
-2.725529048948116498e-06
-2.703783594011750302e-06
-2.595519289565436373e-06
-2.762126027227160537e-06
-2.783971108354461434e-06
-2.762487064151507407e-06
-2.763268767287380247e-06
-2.751657804699938991e-06
-2.777744096587254268e-06
-2.755801772525676710e-06
-2.750251968971564147e-06
-2.765486806322284420e-06
-2.789227844198457818e-06
-2.694940251828032543e-06
-2.754004253756473571e-06
-2.784641137282276298e-06
-2.766730584635375614e-06
-2.774822470422202806e-06
-2.703144836333123252e-06
-2.764462857144016149e-06
-2.749572327048752246e-06
-2.756345193678512051e-06
-2.710957999850083713e-06
-2.760833162841584529e-06
-2.710997338439289757e-06
-2.661342250439304310e-06
-2.755990072001857484e-06
-2.803711426565965487e-06
-2.749379595727695832e-06
-2.644602649674827580e-06
-2.767202494268861702e-06
-2.773956403768979675e-06
-2.739320566635011319e-06
-2.635387576479964057e-06
-2.783095641050131906e-06
-2.761703121438152309e-06
-2.646010540921792778e-06
-2.765999601331772218e-06
-2.755763432894357376e-06
-2.708649182999583259e-06
-2.785290296687791802e-06
-2.744564617449321570e-06
-2.730652365741193493e-06
-2.755548860160637173e-06
-2.761742317467482400e-06
-2.711266311519624289e-06
-2.742988947759703922e-06
-2.772292470711478153e-06
-2.746670621594900825e-06
-2.767998735452416153e-06
-2.777354515849867693e-06
-2.764001758725380751e-06
-2.713133167723911252e-06
-2.780003610281534089e-06
-2.754813412645737498e-06
-2.761743399021587218e-06
-2.786008681364765134e-06
-2.766371132145816502e-06
-2.780432762780234801e-06
-2.762001384581188190e-06
-2.733507938144741369e-06
-2.770324435953932517e-06
-2.753054152002476803e-06
-2.767913202978409487e-06
-2.754848747623687918e-06
-2.742374277754242568e-06
-2.780029603040556343e-06
-2.764465236660861943e-06
-2.768676473574881636e-06
-2.759845072302507491e-06
-2.789038069844169793e-06
-2.773044307761128415e-06
-2.773985827769646300e-06
-2.765875352472618142e-06
-2.758687915873316640e-06
-2.796254086816451154e-06
-2.752797104572329373e-06
-2.720325211592601296e-06
-2.707938602120382015e-06
-2.720486815144187630e-06
-2.739360895692357218e-06
-2.752019429349630361e-06
-2.749973533198356434e-06
-2.744653517184252115e-06
-2.764894344926791911e-06
-2.735487504257759634e-06
-2.707486944176821501e-06
-2.754007376078963680e-06
-2.758677639939267889e-06
-2.752376214610985628e-06
-2.711530455854629395e-06
-2.742860342321908897e-06
-2.773303036398398757e-06
-2.773997234658404172e-06
-2.756326546451750758e-06
-2.730787753156655473e-06
-2.748768038012651859e-06
-2.745459045472213878e-06
-2.751656766733030709e-06
-2.780274094756467048e-06
-2.770751886555390574e-06
-2.766762692372742889e-06
-2.781352349143261229e-06
-2.731857456508502984e-06
-2.709313773529063906e-06
-2.763265219466528822e-06
-2.697841230896579383e-06
2.574946845612448551e-06
-2.751113987753937071e-06
-2.746165004267572800e-06
-2.789981454608563771e-06
-2.774930776693125938e-06
-2.733334142425338569e-06
-2.701832317568385294e-06
-2.793995823622365975e-06
-2.788849385865217243e-06
-2.777799241141169481e-06
-2.780003675926064035e-06
-2.761554912623178107e-06
-2.634635735320063125e-06
-2.671940613508837291e-06
-2.720890223064649230e-06
-2.734846402632427441e-06
-2.765129687503879798e-06
-2.727355523985705420e-06
-2.772777500766936309e-06
-2.643707127031476493e-06
-2.771780900579909716e-06
-2.730672404090684001e-06
-2.769337520206511342e-06
-2.707751561103933571e-06
-2.763340160527504874e-06
-2.747932774602429811e-06
-2.754341620528332386e-06
-2.759960332537592263e-06
-2.769348723960858220e-06
-2.751971771521158472e-06
-2.761054816258681021e-06
-2.756419107590275607e-06
-2.766445693168282517e-06
-2.759024197390226143e-06
-2.765460746401578474e-06
-2.755977628086958637e-06
-2.747401312204489681e-06
-2.782001275434728089e-06
-2.796255799393821279e-06
-2.749889086325504738e-06
-2.764000371656470754e-06
-2.773370509514454836e-06
-2.773668678780108348e-06
-2.748283465177328530e-06
-2.786964080331023328e-06
-2.752851565608544782e-06
-2.793664769371191891e-06
-2.740759711383745044e-06
-2.769465225256239616e-06
-2.639155641963065866e-06
-2.773013995073847310e-06
-2.747912852851990224e-06
-2.529646038245400080e-06
-2.631402938236688304e-06
-2.765184173765704959e-06
-2.765367008010545128e-06
-2.751988919448661716e-06
-2.714063052707416717e-06
-2.769640849830499684e-06
-2.774238124605782151e-06
-2.765997109499468079e-06
-2.751989495737961979e-06
-2.756265173682417134e-06
-2.481616338620395161e-06
-2.752572520078314939e-06
-2.739563846716560998e-06
-2.764325006978373261e-06
-2.791535473253403999e-06
-2.770277250481292834e-06
-2.773580046004285397e-06
-2.764292093296648681e-06
-2.744899125725281991e-06
-2.748457128852816005e-06
-2.741802763000916190e-06
-2.776730525421126684e-06
-2.766413052226717911e-06
-2.778584701216655195e-06
-2.767342030035909494e-06
-2.770007017778448364e-06
-2.719709820262410412e-06
-2.751003598092776927e-06
-2.758414707386593265e-06
-2.755468126575054395e-06
-2.752102412165574343e-06
-2.770727854011534081e-06
-2.744797011863471128e-06
-2.734046872888911298e-06
-2.722607054354783938e-06
-2.763233223691603242e-06
-2.757403175188660745e-06
-2.775680301112675675e-06
-2.734103445144257236e-06
-2.772197512648368764e-06
-2.763998552833593038e-06
-2.771835847441618408e-06
-2.725700875684588022e-06
-2.768414169144129519e-06
-2.766011192891520190e-06
-2.766226197727767251e-06
-2.781946892510155081e-06
-2.765618190280115870e-06
-2.631850842227938190e-06
-2.787468022554356207e-06
-2.723417815877413881e-06
-2.750722168067371869e-06
-2.755914208160347603e-06
-2.768987203007666429e-06
-2.715219406663359940e-06
-2.585618269885446270e-06
-2.724003500289626483e-06
-2.752352106524009113e-06
-2.750605645522958581e-06
-2.746107885042739981e-06
-2.762626740304414789e-06
-2.746940590489261876e-06
-2.763332133237183483e-06
-2.747966230758796987e-06
-2.689544295743942364e-06
-2.750558847766271195e-06
-2.779052832263023843e-06
-2.779373783946240725e-06
-2.766952996638809061e-06
-2.767933779754166830e-06
-2.775437502900833959e-06
-2.780263986819512737e-06
-2.754187020564197381e-06
-2.780013017487676422e-06
-2.751253838341283837e-06
-2.754351799912394673e-06
-2.795080908014346538e-06
-2.751358806608291945e-06
-2.762659648952881133e-06
-2.780831856117269656e-06
-2.702717330852750367e-06
-2.772503700175614500e-06
-2.767411140307592533e-06
-2.757097039311319116e-06
-2.756489773109923547e-06
-2.741684985480919898e-06
-2.787997967615948133e-06
-2.739182513389989591e-06
-2.742848807067205646e-06
-2.719757734143513622e-06
-2.701556846849669390e-06
-2.778278152844217079e-06
-2.771302252806027827e-06
-2.777065443907795449e-06
-2.773031963184875075e-06
-2.770702537124280690e-06
-2.755832888613833999e-06
-2.759404477172623873e-06
-2.760647560622190623e-06
-2.781130862608518077e-06
-2.740442319342928848e-06
-2.736744577538419259e-06
-2.775865177427856421e-06
-2.752692543587669845e-06
-2.771810739989161234e-06
-2.754608657732208545e-06
-2.774149012873010771e-06
-2.651328771130611422e-06
-2.728157164853052415e-06
-2.760419399483764268e-06
-2.749032647760358408e-06
-2.779077193678009173e-06
-2.773999141739004687e-06
-2.747128577998094215e-06
-2.760015089525603254e-06
-2.746211743520769827e-06
-2.771204072634199601e-06
-2.779640741020272796e-06
-2.736692997097113488e-06
-2.777870822125401477e-06
-2.529530786787515925e-06
-2.773811773676183709e-06
-2.783860579663198823e-06
-2.777628288840219422e-06
-2.765261445490476361e-06
-2.748530291961404741e-06
-2.731064729223763500e-06
-2.750496716023793279e-06
-2.715321963568611753e-06
-2.761506825932447148e-06
-2.759976292974908894e-06
-2.745395339067665372e-06
-2.763682294694289870e-06
-2.752230843948973213e-06
-2.721162486832336040e-06
-2.770118748329549805e-06
-2.764000862272566392e-06
-2.719629206437763607e-06
-2.787789304601004149e-06
-2.691398724536230516e-06
-2.775958214597110387e-06
-2.775453074185869702e-06
-2.758045106953302163e-06
-2.781223205468816164e-06
-2.768841186584532537e-06
-2.751404652381018681e-06
-2.711323245549889687e-06
-2.727501992237102480e-06
-2.780692765422960209e-06
-2.735781505097550518e-06
-2.740912378244412304e-06
-2.750978410985980480e-06
-2.761265170352402345e-06
-2.752285960025733066e-06
-2.718910544422127393e-06
-2.777919304715190415e-06
-2.759881136421599009e-06
-2.728173326664412642e-06
-2.761859328189154773e-06
-2.784769374283513865e-06
-2.766012248609527694e-06
-2.669295059385871765e-06
-2.785196596260944982e-06
-2.766613556831540666e-06
-2.761786287548844621e-06
-2.743314250404562712e-06
-2.764300487217108219e-06
-2.743868360313112610e-06
-2.770137562187437431e-06
-2.748682280562693019e-06
-2.753875992684515866e-06
-2.749955960708594992e-06
-2.765443265445512177e-06
-2.697813276404939467e-06
-2.776723869715228378e-06
-3.349997174604476407e-06
-2.659902863483920138e-06
-2.743047241591490293e-06
-2.779270998796819827e-06
-2.791272229292149517e-06
-2.780249488462467733e-06
-2.762843937859891831e-06
-2.769766905257857848e-06
-2.758080836389031062e-06
-2.737957489556912871e-06
-2.782640381245313970e-06
-2.780812083760063008e-06
-2.749007805880813576e-06
-2.761063213652609224e-06
-2.752686266960119755e-06
-2.737506907444204204e-06
-2.743654254358250421e-06
-2.770549248910875000e-06
-2.762628376515511499e-06
-2.780797668604444118e-06
-2.758506758024252765e-06
-2.724291572668020828e-06
-2.756547786815406973e-06
-2.777983820010390220e-06
-2.751056799751851326e-06
-2.750922688579412810e-06
-2.736954449072329042e-06
-2.751975769119884551e-06
-2.759802508875775761e-06
-2.751128331878956110e-06
-2.783037444149101261e-06
-2.637877481390031278e-06
-2.537787790271073882e-06
-2.764985203448081701e-06
-2.762206223010976084e-06
-2.737974945609974197e-06
-2.691356246171486977e-06
-2.765991764857190196e-06
-2.752002111447199310e-06
-2.757000857074863806e-06
-2.747159502855938636e-06
-2.770518339175995360e-06
-2.717869074449398518e-06
-2.772808944537495973e-06
-2.781053418462797781e-06
-2.766853028583180492e-06
-2.772610172801683636e-06
-2.764339296447275089e-06
-2.758783836365806825e-06
-2.756217661642305063e-06
-2.769180178578802159e-06
-2.760011126689475672e-06
-2.747052162295294564e-06
-2.757212274365258283e-06
-2.749999722663973860e-06
-2.699357197679283573e-06
-2.769599644825509103e-06
-2.787177977602713303e-06
-2.783247552180042787e-06
-2.762695030521150368e-06
-2.779265587558760964e-06
-2.770378542413388144e-06
-2.756586263326002903e-06
-2.759925735148879069e-06
-2.789998978331913534e-06
-2.760932424234778044e-06
-2.777675374638092712e-06
-2.762907177718784892e-06
-2.782000811004991863e-06
-2.741543709161589301e-06
-2.782154242628408288e-06
-2.765130796243292335e-06
-2.737110500868655148e-06
-2.761711895442235707e-06
-2.769541505448232488e-06
-2.781918509446929850e-06
-2.768370810781133182e-06
-2.766542971014254956e-06
-2.773857805785908472e-06
-2.764000260250579257e-06
-2.765995659312959505e-06
-2.782425487855275056e-06
-2.766002386009434510e-06
-2.769033778731991480e-06
-5.058004422337898227e-06
-2.751176623425640860e-06
-2.751339153154617675e-06
-2.763545155325748855e-06
-2.756300463425737252e-06
-2.745286191799342227e-06
-2.709514126938895211e-06
-2.766990521417387092e-06
-2.782802969531970077e-06
-2.746371643447927353e-06
-2.773823675549015875e-06
-2.773737682972138353e-06
-2.746801540958315058e-06
-2.774929806728372331e-06
-2.763829074508917640e-06
-2.764620921325810530e-06
-2.739914909930295010e-06
-2.750499098610425811e-06
-2.778889323071622250e-06
-2.757412260207732354e-06
-2.757725026617103969e-06
-2.782169679301935096e-06
-2.741066223863953572e-06
-2.801338139144921979e-06
-2.751364780516226099e-06
-2.766000412364825645e-06
-2.745900708503117101e-06
-2.758423183724303861e-06
-2.755550224693340718e-06
-2.771473611410599801e-06
-2.764556362155859210e-06
-2.761096207628057169e-06
-2.751962304811437367e-06
4.182493671852945020e-06
-2.792564578396938482e-06
-2.755987492098400987e-06
-2.751557012153775408e-06
-2.617812990948944623e-06
-2.777998534924934882e-06
-2.742535981829972405e-06
-2.771937347074689396e-06
-2.772538170849066146e-06
-2.751611180022661042e-06
-2.777467474477765596e-06
-2.701108189392177757e-06
-2.772901183019697233e-06
-2.780593879635527161e-06
-2.725721082163627746e-06
-2.775974613076061335e-06
-2.771999710574281456e-06
-2.775797467774343105e-06
-2.703302557686119006e-06
-2.764299898642630130e-06
-2.772000631257842076e-06
-2.751692806065643154e-06
-2.748698776323016699e-06
-2.777388267816384520e-06
-2.769472102827101135e-06
-2.759388806944900879e-06
-2.754879962772977734e-06
-2.764938548106421704e-06
-2.740463109004762196e-06
-2.764002128867471235e-06
-2.773864481206309737e-06
-2.657261634220217883e-06
-2.778000953457833891e-06
-2.780454273220831583e-06
-2.749325694544990223e-06
-2.760626311410349905e-06
-2.744302550377026503e-06
-2.754561953479123135e-06
-2.759606148332305930e-06
-2.718596841976650991e-06
-2.764628068107029317e-06
-2.753563380786276465e-06
-2.749425721520294130e-06
-2.768551339968009408e-06
-2.765649999881324271e-06
-2.730889398274300030e-06
-2.708880496032777628e-06
-2.762315317288819370e-06
-2.570024724490692398e-06
-2.721573201539846287e-06
-2.771454049778127375e-06
-2.752236823119477753e-06
-2.657374382546776489e-06
-2.762234345317716941e-06
-2.772005075655978928e-06
-2.773290600527106042e-06
-2.754214608734915303e-06
-2.760771362254842550e-06
-2.724532717689964148e-06
-2.649485032615496194e-06
-2.740909791718240244e-06
-2.733765729623728876e-06
-2.743998744346616897e-06
-2.751805862325764153e-06
-2.744921850132791505e-06
-2.643494753992048904e-06
-2.756925336996293943e-06
-2.761658026731435139e-06
-2.765084618244238037e-06
-2.767895665357460239e-06
-2.767440649304593401e-06
-2.754012223832307908e-06
-2.765367404092188259e-06
-2.782737889834184477e-06
-2.775627174941424445e-06
-2.791353874816429053e-06
-2.726116431595767008e-06
-2.760895666753732117e-06
-2.756667774669909040e-06
-2.732961720430111870e-06
-2.647576561999294598e-06
-2.756481475599897983e-06
-2.767291204400917237e-06
-2.728102681407716412e-06
-2.732085280711885908e-06
-2.760071841738052285e-06
-2.771999702751476908e-06
-2.760778266025913318e-06
-2.788780881706397825e-06
-2.739336937727539703e-06
-2.639753483784297497e-06
-2.771175974562968719e-06
-2.769894469627830238e-06
-2.763460453186780823e-06
-2.765164904689342062e-06
-2.773987109655294938e-06
-2.769822440509880608e-06
-2.759626130220198006e-06
-2.756649308845757457e-06
-2.764359058036971383e-06
-2.765998505706884830e-06
-2.769077826189420832e-06
-2.771910666775622595e-06
-2.726252418871724415e-06
-2.750743815848945543e-06
-2.755103521930961268e-06
-2.755262368015363884e-06
-2.738650840758169985e-06
-2.757496768657202690e-06
-2.760848905526694564e-06
-2.809704990871303051e-06
-2.765648068949340682e-06
-2.775483020264529837e-06
-2.748577410629018777e-06
-2.763594351280301883e-06
-2.772750119228845808e-06
-2.771925282653860418e-06
-2.596028099869049636e-06
-2.772307515748744898e-06
-2.726568255051790571e-06
-2.792207086511746183e-06
-2.760492323564443143e-06
-2.767994317365592167e-06
-2.767300087181930562e-06
-2.763992579277352893e-06
-2.767755206003657412e-06
-2.738685543707294851e-06
-2.765651478597974351e-06
-2.764073032554623133e-06
-2.625802502074972465e-06
-2.767284768505849319e-06
-2.773359858140288417e-06
-2.771804263899518269e-06
-2.767240938780563741e-06
-2.767180533424508304e-06
-2.721774931987473703e-06
-2.769394370514992877e-06
-2.771201773083274574e-06
-2.755956132369540637e-06
-2.641785678226034751e-06
-2.755080957325875547e-06
-2.761222809286405527e-06
-2.752762763695384673e-06
-2.787156085266892476e-06
-2.561965151711301526e-06
-2.782342933510046623e-06
-2.752030701505321601e-06
-2.775526575212004183e-06
-2.759343467814171683e-06
-2.785549734891975291e-06
-2.758912346900010689e-06
-2.747323824370873337e-06
-2.761795875967966739e-06
-2.762988121884524803e-06
-2.768004983292366108e-06
-2.778973252926733189e-06
-2.745364167734627164e-06
-2.760862628163262707e-06
-2.764001697136044757e-06
-2.752659607729916280e-06
-2.777789875475173324e-06
-2.787496490112466671e-06
-2.760545967791162722e-06
-2.776510625146819942e-06
-2.754543675847132246e-06
-2.784005837077920512e-06
-2.773845314827464655e-06
-2.759830926998243980e-06
-2.766811981943512194e-06
-2.776328598128897427e-06
3.857997994555677627e-06
-2.758247667217507393e-06
-2.792686003986873119e-06
-2.760538514898137229e-06
-2.763135798627121074e-06
-2.687691952538199799e-06
-2.746733432038465925e-06
-2.761026587723783197e-06
-2.743931501383448770e-06
-2.751451568972184932e-06
-2.747310213784568536e-06
-2.769604773640806234e-06
-2.748000280976252005e-06
-2.777990591261574556e-06
-2.760136805308624973e-06
-2.655293793847665307e-06
-2.768008070919471478e-06
-2.600520567148799218e-06
-2.775992199173305006e-06
-2.646658905740991948e-06
-2.725799020076759034e-06
-2.739047412181698720e-06
-2.745132504144491481e-06
-2.787252345324142790e-06
-2.741437910001335141e-06
-2.753846728159294176e-06
-2.758508566386007190e-06
-2.611364752968815676e-06
-2.777179585858890370e-06
-2.760084595118968499e-06
-2.789998940297441484e-06
-2.756743630017858723e-06
-2.747229763046486655e-06
-2.760150100915247152e-06
-2.782735846982465324e-06
-2.754904600697765244e-06
-2.765546571734907477e-06
-2.764889968233647706e-06
-2.754975254313591191e-06
-2.746562482186070006e-06
-2.757999326507326563e-06
-2.757162045014605290e-06
-2.763151004234701612e-06
-2.742281735589779627e-06
-2.763382218992048970e-06
-2.774444199532101855e-06
-2.755918841329338905e-06
-2.714442273635823733e-06
-2.737551080645489768e-06
-2.763033057960473963e-06
-2.756502658186978182e-06
-2.774407324431785163e-06
-2.755781130099942999e-06
-2.781985499494567950e-06
-2.761736119418090814e-06
-2.748700299534751767e-06
-2.748772874749451270e-06
-2.729694423536658142e-06
-2.757791250132947229e-06
-6.134056016379467337e-06
-2.724379820579845063e-06
-2.689222818248989564e-06
-2.695905453815012218e-06
-2.611465238980762305e-06
-2.730234414412220688e-06
-2.577796129032810617e-06
-2.750967357288520668e-06
-2.785762805436975128e-06
-2.752537133045247473e-06
-2.716901311421636881e-06
-2.773100324518363498e-06
-2.772343832449300036e-06
1.942249508374427347e-06
-2.646908877260154661e-06
-2.754567934262709596e-06
-2.757138383230654948e-06
-2.769743570881254142e-06
-2.778550469345671356e-06
-2.646880419927682163e-06
-2.752966652551989235e-06
-2.765193182136438216e-06
-2.793491592855586723e-06
-2.783161669767854492e-06
-2.745346805298685476e-06
-2.727538207995572812e-06
-2.757997859275517864e-06
-2.753829742524738076e-06
-2.605342511647555429e-06
-2.750149228403149988e-06
-2.759048668710537094e-06
-2.581467485180988788e-06
-2.755225208764466151e-06
-5.196189046823309014e-06
-2.788633189578470436e-06
-2.780409527638693790e-06
-2.638793783552291361e-06
-2.777567125597774401e-06
-2.623306981061820445e-06
-2.689582316289109137e-06
-2.740607080977479750e-06
-2.754726103130689980e-06
-2.761178391807838608e-06
-2.771308650763857572e-06
-2.797009385072558241e-06
-2.754018458805585142e-06
-2.742790150774386610e-06
-2.774332901838420822e-06
-2.772000344567710145e-06
-2.766002601625888187e-06
-2.729510493728380707e-06
-2.759994462997896999e-06
-2.761237005424560663e-06
-2.765090665580667684e-06
-2.780232712555216279e-06
-2.735404462248485145e-06
-2.700148306454258573e-06
-2.785427022848937526e-06
-2.701209986691289087e-06
-2.784780220446231604e-06
-2.738540479700024556e-06
-2.785072829338493671e-06
-2.753582199770274081e-06
-2.766007757464693227e-06
-2.760998695194011565e-06
-2.686748528422001027e-06
-2.766161050920890236e-06
-2.736000090393152298e-06
-2.598863034804363835e-06
-2.792836673745453912e-06
-2.751167545709165973e-06
-2.767563241819901150e-06
-2.727152922404965205e-06
-2.774714618547940285e-06
-2.671635180975430964e-06
-2.765070697055177748e-06
-2.768003334563862244e-06
-2.763189421163746847e-06
-2.741576806569132949e-06
-2.691811306610156730e-06
-2.760507387487231018e-06
-2.750951667293958243e-06
-2.768000650369750249e-06
-2.675060410310380591e-06
-2.744599126255654825e-06
-2.754348671864886801e-06
-2.754956942928962386e-06
-2.750251150075851578e-06
-2.749923390246357903e-06
-2.782707920285334893e-06
-2.772003183196304225e-06
-2.733979474812633111e-06
-2.721204810283117976e-06
-2.768940051380019205e-06
-2.770593111870604066e-06
-2.755080063690072542e-06
-2.754920389995860696e-06
-2.770137240293741651e-06
-2.758033939110531952e-06
-2.768682063447156852e-06
-2.728424485203182226e-06
-2.771496920922041003e-06
-2.774018506924332791e-06
-2.765987396752531054e-06
-2.787632393417690879e-06
-2.779975174264137066e-06
-2.782445451040411571e-06
-2.786908594429621458e-06
-2.790173542640508038e-06
-2.779693757313616438e-06
-2.752584429416165784e-06
-2.787473172430182706e-06
-2.739889020692217557e-06
-2.758001452978508422e-06
-2.776157037765523070e-06
-2.704483254440792696e-06
-2.752548025828698863e-06
-2.768912124986028736e-06
-2.783528180168162569e-06
-2.737584167899979820e-06
-2.746610239059873446e-06
-2.756362753705935761e-06
-2.735709766559331829e-06
-2.773709471562542916e-06
-2.760805154210679706e-06
-2.728330263299530306e-06
-2.755991681959330200e-06
-2.775312891574420256e-06
-2.775639210127928959e-06
-2.741278820811409019e-06
-2.730884981768817100e-06
-2.754948822382284125e-06
-2.761975514112782324e-06
-2.782440329127025615e-06
-2.745027568383728401e-06
-2.744406998474236077e-06
-2.763365467212729647e-06
-2.729885676002368761e-06
-2.753463281932197958e-06
-2.779323382269585727e-06
-2.759656530528742201e-06
-2.770665600968230386e-06
-2.741055747641734593e-06
-2.773363126849631073e-06
-2.743946148509552369e-06
-2.763813323223901573e-06
-2.769391970439244179e-06
-2.745723813798054233e-06
-2.653903776967732443e-06
-2.772152340438690033e-06
-2.783529120028410625e-06
-2.755972811555433498e-06
-2.759476963093569591e-06
-2.746611873062117446e-06
-2.751606692750190583e-06
-2.707873650612338613e-06
-2.769533591831459718e-06
-2.743979281565670225e-06
-2.773493964680846269e-06
-2.790552936005410813e-06
-2.656318895231632085e-06
-2.757659793164924967e-06
-2.740820501616740589e-06
-2.755412729736518680e-06
-2.748275309500980303e-06
-2.770268341125218794e-06
-2.758899203800629659e-06
-2.751052649422109851e-06
-2.720061926272656694e-06
-2.768206590490593862e-06
-2.759764059306440841e-06
-2.784830179039655433e-06
-2.762289051292681216e-06
-2.737106993849833954e-06
-2.779578274456525557e-06
-2.645657462609106044e-06
-2.751865121094205172e-06
-2.758003476684771937e-06
4.240581365945612925e-06
-2.762682146734053644e-06
-2.756672213359633786e-06
-2.768555954594363175e-06
-2.777382938730413050e-06
-2.758445432081251828e-06
-2.629984390660948000e-06
2.298453580343655938e-06
-2.749857757750513647e-06
-2.752109466228712991e-06
-2.758284736362220962e-06
-2.749257020993247383e-06
-2.786170734854416146e-06
-2.637610566695538094e-06
-2.758690053377427474e-06
-2.760015505979778747e-06
-2.772008575343965015e-06
-2.744659637129991785e-06
-2.714817824607271908e-06
-2.763730341202971705e-06
-2.763674186576351778e-06
-2.771783415165151475e-06
-2.752526439697206151e-06
-2.735695991565584527e-06
-2.713459497299511566e-06
-2.768650112915203154e-06
-2.739169650332522884e-06
-2.763569508496313905e-06
-2.757188325627627638e-06
-2.749984664091579710e-06
-2.732618487866429722e-06
-2.719720886373396411e-06
-2.754571002810914520e-06
-2.743460686456780705e-06
-2.634630751625305979e-06
-2.754584951808994815e-06
-2.739496918983545677e-06
-2.766096952118264468e-06
-2.741173757482352333e-06
-2.709193809664640206e-06
-2.738668121769726379e-06
-2.744270438522533192e-06
-2.773221639878015946e-06
-2.785668157819888791e-06
-2.758310118479465526e-06
-2.766452965382829307e-06
-2.769588433011049538e-06
-2.785536659917867293e-06
-2.704577864278041605e-06
-2.776371399686324027e-06
-2.776676253443266495e-06
-2.775984388662018388e-06
-2.735146083996017423e-06
-2.758340395801275823e-06
-2.772001005566710820e-06
-2.759922469241313456e-06
-2.746308260930915646e-06
-2.760516075889985196e-06
-2.653550711320425284e-06
-2.760827923099908875e-06
-2.762229714191366343e-06
-2.750152291966286072e-06
-2.777557215931204947e-06
-2.745419730595249653e-06
-2.755796516929622903e-06
-2.774070081801319043e-06
-2.775317961652087640e-06
-2.763840439430695457e-06
-2.773983456214336345e-06
-2.755962152765296267e-06
-2.780005104309905583e-06
-2.784001949566496188e-06
-2.777983413136746472e-06
-2.751259776950021157e-06
-2.762781654861998946e-06
-2.645380005135299014e-06
-2.772700577009541847e-06
-2.759098579136490899e-06
-2.742726014886384976e-06
-2.766460810526291677e-06
-2.790410533437953712e-06
-2.767789412448371089e-06
-2.707196724668630944e-06
-2.710888860403220708e-06
-2.762870093354356746e-06
-2.784937620533218567e-06
-2.763980571439193424e-06
-2.750043782841410907e-06
-2.761824165611220945e-06
-2.678635001427797677e-06
-2.762001396179128375e-06
-2.700418639927959292e-06
-2.787552339304829169e-06
-2.723759835587005866e-06
-2.750936549955013253e-06
-2.758139026281568800e-06
-2.613425229404499923e-06
-2.741542305989714768e-06
-2.788799509638763749e-06
-2.759809875328631589e-06
-2.768331502062733334e-06
-2.768744052190157610e-06
-2.734808760823466020e-06
-2.738177928520088685e-06
-2.742033621789027340e-06
3.549998136437783380e-06
-2.697701847733188383e-06
-2.726455020458390049e-06
-2.761224757859540497e-06
-2.771973733877771139e-06
-2.768446336270027739e-06
-2.713354431657385778e-06
-2.762967162590835285e-06
-2.779024004086467484e-06
-2.777887323139842154e-06
-2.756560233017377364e-06
-2.755987841420348359e-06
-2.789004191890323487e-06
-2.772848950409577124e-06
-2.760751722525222997e-06
-2.770388390024797105e-06
-2.709426192039965542e-06
-2.787248132097698343e-06
-2.759961459075212606e-06
-2.757609050487197763e-06
-2.739988739042033101e-06
-2.796714335133955147e-06
-2.768285143875106404e-06
-2.778051753826968779e-06
-2.667492529595777757e-06
-2.775535312007847044e-06
-2.784753706255428286e-06
-2.765396001065676843e-06
-2.808584760427582949e-06
-2.769512459374444786e-06
-2.691888787893450875e-06
-2.768964584498824842e-06
-2.770833180151380760e-06
-2.744644238649731140e-06
-2.766600958363951203e-06
-2.767997651253530579e-06
-2.731216648845000953e-06
-2.769223766716208834e-06
-2.735992281555852235e-06
-2.765936997341572299e-06
-2.779820605028117408e-06
-2.788001691879087768e-06
-2.763292498496203731e-06
-2.747009989075383648e-06
-2.752345572666528986e-06
-2.751834277355516029e-06
-2.751980365608184801e-06
-2.735624192626857950e-06
-2.754009915631252030e-06
-2.750348074694367814e-06
-2.782513424447484573e-06
-2.737116509612170699e-06
-2.752417587113757009e-06
-2.765896909488575984e-06
-2.748727144199496416e-06
-2.760924759857999305e-06
-2.752102199134998751e-06
-2.760799977184771047e-06
-2.758622481050751106e-06
-2.755240155694209119e-06
-2.738005475413383354e-06
-2.721665735563071536e-06
-2.758616340748864502e-06
-2.762431806783285652e-06
-2.776918167530592008e-06
-2.743856601294410983e-06
-2.701277511091436919e-06
-2.777998740776240901e-06
-2.703210949286988340e-06
-2.771754130925216339e-06
-2.749137799202621791e-06
-2.751581514865375140e-06
-2.682086972863536833e-06
-2.776359877345811197e-06
-2.766624384841198004e-06
-2.769069467772806370e-06
-2.746005697361101863e-06
-2.753973324151526171e-06
-2.731665005640186272e-06
-2.767811179174457019e-06
-2.775027780789046430e-06
-2.670714140793739911e-06
-2.771221941063572055e-06
-2.591923860351722660e-06
-2.766332177654587728e-06
-2.776996025472523820e-06
-2.785006788936126490e-06
-2.692488440319091761e-06
-2.789570278284944756e-06
-2.783989453533813833e-06
-2.658756998269707078e-06
-2.776941136145047802e-06
-2.757745248239188236e-06
-2.748957484860445501e-06
-2.754448288122594131e-06
-2.762006555945711589e-06
-2.769699421754599467e-06
-2.771937604013478116e-06
-2.759608355717210048e-06
-2.739054839919005691e-06
-2.622993687668531121e-06
-2.763347994894427942e-06
-2.803589822220029371e-06
-2.780061828329735409e-06
-2.764950664886190400e-06
-2.778592164928496251e-06
-2.776158038536735796e-06
-2.694856539271711888e-06
-2.722162468881070302e-06
-2.786486523997695385e-06
-2.748368301296193357e-06
-2.754478829312327960e-06
-2.744951314800971058e-06
-2.769815921059486048e-06
-2.752855784932573588e-06
-2.738007938753089875e-06
-2.779260815659659159e-06
-2.770552356112149452e-06
-2.784212774942975442e-06
-2.647923111291463791e-06
-2.767530159259057828e-06
-2.755621236825823545e-06
-2.727633530672457995e-06
-2.784800303879140091e-06
-2.758362607335932968e-06
-2.745999399884237694e-06
-2.719953711732596376e-06
-2.687061163542975977e-06
-2.711798816098034286e-06
-2.696771953222789111e-06
-2.740559999283877925e-06
-2.750117884199571351e-06
-2.748318579862848074e-06
-2.786094752482213225e-06
-2.752556087614608555e-06
-2.760761271672396046e-06
-2.767903525866996857e-06
-2.759547039849341181e-06
-2.743896851938742275e-06
-2.685432953237031739e-06
-2.739985249602648044e-06
-2.760279131152193043e-06
-2.763997164438442898e-06
-2.755819519056444706e-06
-2.738702834356789378e-06
-2.720180590518373912e-06
-2.765250184528032446e-06
-2.761287777960444049e-06
-2.754153205367117428e-06
-2.762917392242060241e-06
-2.635819747980957733e-06
-2.640711002379600643e-06
-2.764208171128011491e-06
-2.761995250907035396e-06
-2.736769963003739001e-06
-2.766591882922657634e-06
-2.756151288169484391e-06
-2.681764675350912798e-06
-2.740763762794825781e-06
-2.766247486574560207e-06
-2.759890804143587468e-06
-2.760161868393837300e-06
3.419107595618020364e-06
-2.588957979992669083e-06
-2.777018403786386869e-06
-2.775226899250071632e-06
-2.701035964828379663e-06
-2.752009588709848469e-06
-2.772899047588630504e-06
-2.757976820172064456e-06
-2.758013779787826835e-06
-2.753699316906909761e-06
-2.753911423621342337e-06
-2.764541064070021513e-06
-2.752496645100140381e-06
-2.771078384569522901e-06
-2.758000139053975350e-06
-2.766782362595918696e-06
-2.772344109001056182e-06
-2.786730032763714158e-06
-2.743291879600714002e-06
-2.749997082393668870e-06
-2.772162495049018551e-06
-2.763982058800253070e-06
-2.753987079380762960e-06
-2.748757283412985309e-06
-2.763467196415614823e-06
-2.751114760153700459e-06
-2.734583710672031736e-06
-2.756571268712637578e-06
-2.771186331815878129e-06
-2.736496022590824693e-06
-2.751041875732881250e-06
-2.764517814515840517e-06
-2.742814205480937672e-06
-2.756020992033935399e-06
-2.751264483986188010e-06
-2.754388674504087562e-06
-2.784646361117606632e-06
-2.756537003205656496e-06
-2.761440892194755787e-06
-2.606813336921647086e-06
-2.780465838310695343e-06
-2.778267287808947978e-06
-2.781767159251728211e-06
-2.762676421071870058e-06
-2.764765321026673565e-06
-2.754308263544602848e-06
-2.734785790156131010e-06
-2.673120804645286165e-06
-2.745714168871310148e-06
-2.766328224534274911e-06
-2.758187783674745131e-06
-2.765987317521973376e-06
-2.765987969998031127e-06
-2.762062302403427007e-06
-2.771998552906161070e-06
-2.754356795098120637e-06
-2.776068978823843621e-06
-2.754942023372458338e-06
-2.768506144675978132e-06
-2.760675835398381407e-06
-2.744353602220484764e-06
-2.687308852005528596e-06
-2.770270858814117597e-06
-2.767736519741364957e-06
3.050000733875111699e-06
-2.753564934726339063e-06
2.090495697798322193e-07
-2.687274679132563019e-06
-2.754793608226646507e-06
-2.762845546390351623e-06
-2.751632911861894248e-06
-2.750005677535037766e-06
-2.635825797852071217e-06
-2.762745531655032099e-06
-2.751533790953836820e-06
-2.770585794288590609e-06
-2.786000535921798449e-06
-2.473753608874509205e-06
-2.743923266199192938e-06
-2.734787239409841163e-06
-2.763898143682981783e-06
-2.759999563030740144e-06
-2.755429257674377618e-06
-2.769912368208194683e-06
-2.751483686696825785e-06
-2.735772084390874876e-06
-2.747093473565000055e-06
-2.770012227227065967e-06
-2.762985703644033425e-06
-2.750853607806021889e-06
-2.752728962216415806e-06
-2.782000028976321408e-06
-2.755937248598675015e-06
-2.769658165150880391e-06
-2.775993367679441075e-06
-2.729952326717695441e-06
-2.776018279149099083e-06
-2.762060413752534207e-06
-2.744000652357857593e-06
-2.764002606651183741e-06
-2.775978559857757251e-06
-2.774610743008981285e-06
-2.758119039637823047e-06
-2.776000112168216255e-06
-2.776216721877562322e-06
-2.741911496454125008e-06
-2.754488294418389114e-06
-2.762209312473509525e-06
-2.786044415024823101e-06
-2.774345827527057530e-06
-2.767943576779582758e-06
-2.759063681871627657e-06
-2.647547161959695885e-06
-2.752051174701563933e-06
-2.767292844686241152e-06
-2.612991928079196475e-06
-2.762912793422804519e-06
-2.682318451960397553e-06
-2.745453452668054395e-06
-2.787607306785793557e-06
-2.751857323949553742e-06
-2.656156920210618640e-06
-2.683354778722056701e-06
-2.761418109620961848e-06
-2.753943341978221832e-06
-2.765667574851063503e-06
-2.701332034966367425e-06
-2.772535244226567419e-06
-2.765658106078110323e-06
-2.764713408251334488e-06
-2.766147067275620529e-06
-2.589450034931521262e-06
-2.740008471230730870e-06
-2.773755340473479784e-06
-2.767360562955656293e-06
-2.771130929280876437e-06
-2.778124266039604998e-06
-2.739411898709718047e-06
-2.763982968442002727e-06
-2.726929335189960159e-06
-2.784123759386100966e-06
-2.722396577885227089e-06
-2.785110319698511730e-06
-2.752358244340978453e-06
4.332824123809756500e-06
-2.776439696099372854e-06
-2.766257885536513739e-06
-2.677915260088841578e-06
-2.740086635665366975e-06
-2.753572076540734100e-06
-2.793091571352162008e-06
-2.753839951101582096e-06
-2.753947377580003085e-06
-2.724345661062061518e-06
-2.745993882404437573e-06
-2.763555889151973879e-06
-2.769999998791055446e-06
-2.743317615212112834e-06
-2.732208335011332163e-06
-2.727182587098229518e-06
-2.636871143488907990e-06
-2.781998535018290071e-06
-2.784138021818442530e-06
-2.675224129051634274e-06
-2.772438294996490767e-06
-2.747056215489003573e-06
-2.685189996383161982e-06
-2.763998669406353326e-06
-2.776475393407244555e-06
-2.766000462432262142e-06
-2.764944386904398952e-06
-2.785539930897742326e-06
-2.748498534727084615e-06
-2.733842890661835892e-06
-2.784002707161803325e-06
-2.763986422883166321e-06
-2.603988582562182389e-06
-2.719697539321158525e-06
-2.758401961693430242e-06
-2.750003382773143849e-06
-2.769511425022594349e-06
-2.746863795906161746e-06
-2.773404123395869126e-06
-2.752143011428445930e-06
-2.767941456728062759e-06
-2.777969687596326192e-06
-2.770988305213382480e-06
-2.762715139912637979e-06
-2.760819497831971639e-06
-2.726499824632780476e-06
-2.752001223363114940e-06
-2.768821092252364074e-06
-1.835938568911117985e-06
-2.761334457097420739e-06
-2.735260562920047369e-06
-2.784754043347679337e-06
-2.781999980619602626e-06
-2.756072833464020942e-06
-2.787950161130276819e-06
-2.750423660186653262e-06
-2.722743531824639340e-06
-2.776006051435574632e-06
-2.792001130654058285e-06
-2.755167799677518444e-06
-2.743224545679751821e-06
-2.766890908219825148e-06
-2.747022360579493701e-06
-2.768761404496221794e-06
-2.751635092002803969e-06
-2.754263432081534495e-06
-2.773951425193275463e-06
-2.768662128654034486e-06
-2.758373534923193548e-06
-2.756026813387896749e-06
-2.767123909688065573e-06
-2.761697899717399070e-06
-2.593501949704546764e-06
-2.750520593087372530e-06
-2.745727825411218252e-06
-2.730047046505160599e-06
-2.756001369264971121e-06
-2.734047606284977987e-06
-2.653511144909043663e-06
-2.759554526418211312e-06
-2.759185216857815184e-06
-2.657877251737857343e-06
-2.751387913663985020e-06
-2.764001348307209897e-06
-2.768754336414227930e-06
-2.780000568408919562e-06
-2.775352003530322451e-06
-2.758766309515626467e-06
-2.735358650611984087e-06
-2.714210780155914970e-06
-2.709422707428936370e-06
-2.750700235106716291e-06
-2.759239498675444092e-06
-2.760411591634493409e-06
-2.752161480063354376e-06
-2.748975631799393349e-06
-2.735428346339073019e-06
-6.014821391850626676e-06
-2.746473265001541376e-06
-2.766330870857410850e-06
-2.759141296572554738e-06
-2.771671897682576513e-06
-2.780002667997697343e-06
-2.786592821436944311e-06
-2.725231049576576226e-06
-2.727615713118141696e-06
-2.761398830195114604e-06
-2.769864602878380439e-06
-2.693627974459567436e-06
-2.756884455242119989e-06
-2.706821957057313630e-06
-2.774774535413153605e-06
-2.771270040379376103e-06
-2.757945509874183858e-06
-2.755663526964072756e-06
-2.740309847680877779e-06
-2.770974895779393461e-06
-2.757440262800802946e-06
-2.756223163335621379e-06
-2.729908900090917974e-06
-2.759162198286278155e-06
-2.758011837303097351e-06
-2.785950342170412605e-06
-2.778974193768654737e-06
-2.770851355453800288e-06
-2.783165569997140976e-06
-2.619408272115178488e-06
-2.697987279581474100e-06
-2.751637342880093260e-06
-2.757673127204842118e-06
-2.728515363224244076e-06
-2.776439544890096194e-06
-2.746137398941955466e-06
-2.754143096368237911e-06
-2.771998841122558280e-06
-2.765534026769004704e-06
-2.754869193437595890e-06
-2.691441263381512157e-06
-2.741254597628114594e-06
-2.767483050119747062e-06
-2.756171447589896453e-06
-2.760762938223484478e-06
-2.775415654023851565e-06
-2.757997046520839055e-06
-2.759871494909648345e-06
-2.767987458371424413e-06
-2.744002842189545056e-06
-2.755504630232823719e-06
-2.765196113605071203e-06
-2.687994215229422911e-06
-2.771184296433079935e-06
-2.751763425989314844e-06
-2.767283620112405127e-06
-2.767227992587913134e-06
-2.751906673714583495e-06
-2.757573511413207467e-06
-5.419511418151087884e-06
-2.782720030655855998e-06
-2.676988244670847633e-06
-2.751866104649325015e-06
-2.750602708000797537e-06
-2.759222346266450460e-06
-2.743382611054301152e-06
-2.767785244530223821e-06
-2.741785643512779201e-06
-2.766329900875321019e-06
-2.748307350988629532e-06
-2.690911353932781412e-06
-2.768390784482679675e-06
-2.764970882070258245e-06
-2.769394127545368185e-06
-2.770477875373577831e-06
-2.773480892619553710e-06
-2.754402819306782207e-06
-2.734461476507036724e-06
-2.774100014857761562e-06
-2.649646297246451145e-06
-2.780001344834370510e-06
-2.750180736579637719e-06
-2.701280060948597662e-06
-2.766000092979711958e-06
-2.711350613549132614e-06
-2.713263119095709293e-06
-2.755922972936663067e-06
-2.760012041996328217e-06
-2.758663846137280201e-06
-2.775911252371733665e-06
-2.755873720635781357e-06
-2.763220467018572352e-06
-2.727221977745244479e-06
-2.749955070343735498e-06
-2.762170324117526167e-06
-2.722513728970436345e-06
-2.697325685560054258e-06
-2.759000740400428374e-06
-2.753994758219545918e-06
-2.764553474765439711e-06
-2.755413150120146932e-06
-2.775388193691177597e-06
-2.768562429994272718e-06
-2.719219948920482234e-06
-2.573199376367911778e-06
-2.661314050151173967e-06
-2.755882969394691627e-06
-2.717550889606500658e-06
-2.738521067145034904e-06
-2.780985618027513174e-06
-2.780117845774279283e-06
-2.535607764923568430e-06
-2.752510878033902259e-06
-2.748853114567011923e-06
-2.771351376203052497e-06
-2.744998835520562400e-06
-2.750000305222942118e-06
-2.755548263176863841e-06
-2.731105693037569930e-06
-2.766793506825466510e-06
-2.759505937765638001e-06
-2.770778454595297074e-06
-2.737707113411681231e-06
-2.766663887424587644e-06
-2.709690188958171776e-06
-2.687173266512195406e-06
-2.753525322379855881e-06
-2.717595496730073582e-06
-2.360997822851799062e-06
-2.749991062120562763e-06
-2.775217418432338741e-06
-2.717510943747090913e-06
-2.767786722258574493e-06
-2.773357154738800559e-06
-2.779606756588479083e-06
3.408232961396981751e-06
-2.757994502345731600e-06
-2.762004731383638049e-06
-2.788638315305038207e-06
-2.776466046261396362e-06
-2.765997068585322025e-06
-2.764205255954832971e-06
-2.693521278036284799e-06
-2.633921754579109041e-06
-2.751981176269361540e-06
-2.773063868772620659e-06
-2.758357405642834580e-06
-2.752205483892019051e-06
-2.778988637678587486e-06
-2.724781577635140589e-06
-2.685287769835355261e-06
-2.685669343516003828e-06
-2.757210444174689772e-06
-2.778063608030213924e-06
-2.748652737258682183e-06
-2.739358787904729106e-06
-2.762763058298491102e-06
-2.747110791550495392e-06
-2.766429693809861252e-06
-2.776837123239830518e-06
-2.782770002446585082e-06
-2.766810515944897916e-06
-2.760672759768355087e-06
-2.755057253806486687e-06
-2.616086783703973158e-06
-2.750363985662845708e-06
-2.769533159186296025e-06
-2.773173368200240215e-06
-2.718637806594987526e-06
-2.745997773554184349e-06
-2.748791717927163714e-06
-2.753987198217423358e-06
-2.781999369430965219e-06
-2.768309385721876507e-06
-2.755710992108894764e-06
-2.667310698859272485e-06
-2.770660574001602083e-06
-2.764459910176062162e-06
-2.575485212881651910e-06
-2.762528632008785335e-06
-2.768957154594031710e-06
-2.756336814496923427e-06
-2.776961847364433420e-06
-2.677524864569721744e-06
-2.742715834917443051e-06
-2.774004218066854073e-06
-2.762859999670207727e-06
-2.711228160479083590e-06
-2.757945818042906738e-06
-2.769640887831332244e-06
-2.753772381078673561e-06
-2.686653655672395675e-06
-2.768297054538787004e-06
-2.786681399397650531e-06
-2.748829823947383188e-06
-2.770004604886539332e-06
-2.753041450640112493e-06
-2.740353740318979014e-06
-2.758412147983291162e-06
-2.771705059532213146e-06
-2.775992617387030088e-06
-2.783293656538644726e-06
-2.742175896674254316e-06
-2.780630961869730125e-06
-2.696387818346400257e-06
-2.706327607211300537e-06
-2.744272291722530640e-06
-2.703410921188688810e-06
-2.764351130277787125e-06
-4.895360219958077666e-06
-2.685511506641167917e-06
-2.763608103532660437e-06
-2.779996233530544439e-06
-2.764927221943156735e-06
-2.753745671555017245e-06
-2.774000354562059986e-06
-2.753228580680083258e-06
-2.773998551847021905e-06
-2.744451774749984059e-06
-2.766927850166597561e-06
-2.767472191924205482e-06
-2.744867160116219758e-06
-2.757928882511643735e-06
-2.750450286377796223e-06
-2.671789859780328827e-06
-2.772256678829294267e-06
-2.743840724980228260e-06
-2.755700708492328332e-06
-2.764005587535111971e-06
-2.769585553609347166e-06
-2.753308373283103984e-06
-2.770231945337017375e-06
-2.767442039188115108e-06
-2.725972898363157304e-06
-2.778664198273490113e-06
-2.770001321019868193e-06
-2.757231756813152521e-06
-2.752656192647141044e-06
-2.761332466363095459e-06
-2.758141303419856777e-06
-2.772000567089422471e-06
-2.764580031660051963e-06
-2.783465865950381407e-06
-2.711522047226088589e-06
-2.743882141788034152e-06
-2.771437207169300525e-06
-2.732849634992244212e-06
-2.793995318123511818e-06
-2.751219459128967104e-06
-2.779068255773189818e-06
-2.760222423345495823e-06
-2.695290270494887380e-06
-2.730840863799485038e-06
-2.762991560516541379e-06
-2.771959869790866936e-06
-2.767013002098875304e-06
-2.751278320689904468e-06
-2.753006096316017225e-06
-2.736542043115613768e-06
-2.758277998152574288e-06
-2.760779813867377659e-06
-2.724863242613883122e-06
-2.748778297484334065e-06
-2.710181992212219247e-06
-2.729244400094701009e-06
-2.736656179077638992e-06
-2.781205971440485829e-06
-2.758963360372622329e-06
-2.778399618181465839e-06
-2.793731743520182507e-06
-2.747243405294591222e-06
-2.758540767628996191e-06
-2.766190192392857141e-06
-2.759116823698916653e-06
-2.783858541093398084e-06
-2.786449561892472257e-06
-2.779926625135550019e-06
-2.782033291215487257e-06
-2.791814344322666658e-06
-2.782747526822659024e-06
-2.757179104264902833e-06
-2.762591428112875884e-06
-2.768162973936251634e-06
-2.647787377631018511e-06
-2.767995619563840081e-06
-2.770406349353692405e-06
-2.746654726187530751e-06
-2.629729126654214774e-06
-2.741991457059337618e-06
-2.665427145543166686e-06
-2.771409204053600440e-06
-2.766712958995442768e-06
-2.755245952993197520e-06
-2.771797081389514219e-06
-2.752131609980278510e-06
-2.759459368469546360e-06
-2.753408681520448188e-06
-2.757673613269077989e-06
-2.744545082751674398e-06
-2.787194873229745094e-06
-2.750866351137308924e-06
-2.634957637355594314e-06
-2.758123841523118112e-06
-2.628733442218589452e-06
-2.768544228451946895e-06
-2.780609750055592157e-06
-2.736656507804182692e-06
-2.736908480926245622e-06
-2.769902577046424895e-06
-2.758985090758368597e-06
-2.728963009943783177e-06
-2.723679275757403479e-06
-2.779453530641382682e-06
-2.756111820023294106e-06
-2.757014772681974855e-06
-2.774822316531353242e-06
-2.787875956322174535e-06
-2.756310331906536243e-06
-2.772681202861594651e-06
-4.923635280935501978e-06
-2.758133835513581411e-06
-2.723942020293260005e-06
-2.775902077617233953e-06
-2.599838742831247437e-06
-2.752752445659541256e-06
-2.767363614973973440e-06
-2.741222742337544137e-06
-2.731803351702765683e-06
-2.731323046517784001e-06
-2.629932545071498699e-06
-2.764570273470034911e-06
-2.770017820714491354e-06
-2.715478414764337893e-06
-2.764000042020582974e-06
-2.751348796860341321e-06
-2.772729389767438460e-06
-2.754195262949181095e-06
-2.776172957777648498e-06
-2.750325255558630065e-06
-4.124322819493636750e-06
-2.768111786383382778e-06
-2.767365859078643513e-06
-2.758704720421570967e-06
-2.757829504003983139e-06
-2.753141349175151926e-06
-2.738689401573008596e-06
-2.763019086527375042e-06
-2.745372362512329060e-06
-2.705265902208985833e-06
-2.777267599874852010e-06
-2.761096065021341565e-06
-2.778760380862265813e-06
-2.691157523843197509e-06
-2.768649555494217817e-06
-2.767999327972325430e-06
-2.755901898752454152e-06
-2.757631264419460863e-06
-2.784825245510061634e-06
-2.778490094815826153e-06
-2.782228945103315240e-06
-2.776873783206912700e-06
-2.753634551547553291e-06
-2.717040366206910337e-06
-2.768614821379718020e-06
-2.770830941420758656e-06
-2.729000688208777951e-06
-2.749996613279675274e-06
-2.771996403313618258e-06
-2.784403716038959603e-06
-2.741476413555097768e-06
-2.742872391244898759e-06
-2.756722131762675803e-06
-2.806959285132279425e-06
-2.708768008650400392e-06
-2.710930929140301291e-06
-2.723457826055333657e-06
-2.775848785349817835e-06
-2.761997217262424729e-06
-2.734701183043788215e-06
-2.738343355063112784e-06
-2.753382483052897482e-06
-2.749546895832841824e-06
3.178360365868804699e-06
-2.653607638911953640e-06
-2.755495208826993106e-06
-2.765390623493883946e-06
-2.741971274191762698e-06
-2.692902514816369183e-06
-2.760148979101333045e-06
-2.729996690282074860e-06
-2.756006074209794992e-06
-2.763353996372210915e-06
-2.769809714902229445e-06
-2.731392919270808347e-06
-2.740821815532639008e-06
-2.777951319540513783e-06
-2.587296019248368534e-06
-2.591373158132529862e-06
-2.705336895477686206e-06
-2.737066327094253539e-06
-2.649042203039863759e-06
-2.754620662282453352e-06
-2.780706695080699951e-06
-2.787102637900513442e-06
-2.780425725700576001e-06
-2.769605870050339204e-06
-2.719468822943318306e-06
-2.758011678160804874e-06
-2.768646744842615459e-06
-2.783999854105094390e-06
-2.759375860489259671e-06
-2.740694420554952223e-06
-2.759961345787399400e-06
-2.777297385876736921e-06
-2.774950444290599136e-06
-2.756544094114695739e-06
-2.699406375848620163e-06
-2.778498631759239215e-06
-2.751999022392295394e-06
-2.789336700188812387e-06
-2.790476910852323619e-06
-2.769272001920248649e-06
-2.776790528697483968e-06
-2.751158667813678175e-06
-2.755710612211458911e-06
-2.769778251141504185e-06
-2.764981927532572365e-06
-2.746894777073549478e-06
-2.746080898549728418e-06
-2.782003181389302485e-06
-2.784813810095494405e-06
-2.750735740986454814e-06
-2.756540317704734189e-06
-2.629957861733094465e-06
-2.757403134986655523e-06
-2.777780827957258104e-06
-2.771997608647314541e-06
-2.761061903818600272e-06
-2.773767530421940332e-06
-2.755331084871444653e-06
-2.754817618966237200e-06
-2.618919173595125368e-06
-2.754575004961574058e-06
-2.764918247701514175e-06
-2.730811022816483997e-06
-2.769806506672611317e-06
-2.763348351780781027e-06
-2.654897754104641063e-06
-2.753768086166759466e-06
-2.749909270601642087e-06
-2.744696997485751127e-06
-2.765947673096032034e-06
-2.736625612537686700e-06
-2.746651250327478478e-06
-2.768700379819014853e-06
-2.750834411767828150e-06
-2.623548001802978670e-06
-2.742560256122702084e-06
-2.775074550662986367e-06
-2.715836914691912602e-06
-2.747563590362179026e-06
-2.698941229552929195e-06
-2.761981102836147555e-06
-2.769747839578675048e-06
-2.777996338966991842e-06
-2.757544971078268426e-06
-2.739352060772752959e-06
-2.759349936022401350e-06
-2.768001809074724937e-06
-2.755184466909755399e-06
-2.690354849878304253e-06
-2.772757223236521979e-06
-2.791797884686573195e-06
-2.751996064402959608e-06
-2.724831580763460378e-06
-2.773724874691445313e-06
-2.783590546235358826e-06
-2.746000322313429456e-06
-2.695394515027408892e-06
-2.758999112411230185e-06
-2.761614165986280067e-06
-2.740270169246822797e-06
-2.775156467945845559e-06
-2.774438615303674929e-06
-2.777819260019255908e-06
-2.780979082073810309e-06
-2.792764202473694836e-06
-2.761105425119223918e-06
-2.768442910577281806e-06
-2.633263783006801537e-06
-2.713264955985774786e-06
-2.742610670959769394e-06
-2.749964147770344699e-06
-2.729323028724284277e-06
-2.761372819568112322e-06
-2.773995665163500952e-06
-2.695554236780655297e-06
-2.755814243191260507e-06
-2.682941279839204347e-06
-2.774127883374274501e-06
-2.707154073904568768e-06
-2.751420427707954919e-06
-2.727891544242959536e-06
-2.749833547507222549e-06
-2.733581739108483644e-06
-2.734338797971281923e-06
-2.782569327963529685e-06
-2.736719097913613248e-06
-2.763896496230405999e-06
-2.697379320383138147e-06
-2.767961568895072780e-06
-2.751082650811698722e-06
-2.767184494416911976e-06
-2.763986675916795611e-06
-2.768013891490130640e-06
-2.645906636771627407e-06
-2.762774176292310187e-06
-2.759858916349044149e-06
-2.761657996476974686e-06
-2.773683344355497557e-06
-2.769932528416271153e-06
-2.748025439024020845e-06
-2.761979100065046179e-06
-2.755346974316076321e-06
-2.749475212663496124e-06
-2.764586897361216752e-06
-2.629990998909453321e-06
-2.761947728526213815e-06
-2.627868259718687150e-06
-2.781998504916207881e-06
-2.769837912367748276e-06
-2.736003383453381404e-06
-2.759182604455084317e-06
-2.751125096287826657e-06
-2.759111294661865269e-06
-2.747887728533896660e-06
-2.751991734719255861e-06
-2.736642097001007449e-06
-2.717290362186351263e-06
-2.775473378755120696e-06
-2.717484995179420338e-06
-2.754375687019702247e-06
-2.788228358156290284e-06
-2.768458422406790110e-06
-2.777998816795758933e-06
-2.711666086244232022e-06
-2.769081029200179288e-06
-2.771498058314685874e-06
-2.777759523301947899e-06
-2.662243220793883935e-06
-2.767197455321123884e-06
-2.748946353488510120e-06
-2.752141183148157791e-06
-2.758618628523119039e-06
-2.775171989926038307e-06
-2.777921954678216240e-06
-2.772938342294870083e-06
-2.743252727857060755e-06
-2.749350106563010888e-06
-2.736713464184758762e-06
-2.746693567110111698e-06
-2.717035763414385689e-06
-2.760901811597879064e-06
2.307558681564686033e-06
-2.769793216890424428e-06
-2.767422438637951167e-06
-2.752008479095221352e-06
-2.738518593301823798e-06
-2.711387816897484612e-06
-2.761547135772589483e-06
-2.758061388373365791e-06
-2.746595195665771421e-06
-2.764906149735296762e-06
-2.747754598208801272e-06
-2.748005316763669239e-06
-2.761705132429547502e-06
-2.753410907462507562e-06
-2.773525380531010835e-06
3.830212326250207826e-06
-2.791845076036843532e-06
-2.763833540793274966e-06
-2.765998867452965783e-06
-2.760774780601575815e-06
-2.762089139476521551e-06
-2.753438361584699539e-06
-2.770940529887351261e-06
-2.737279388367252536e-06
-2.756154901336416669e-06
-2.764001085935053798e-06
-2.760790790472566187e-06
-2.766149199718199590e-06
-2.747762644571074899e-06
-2.745985922926932736e-06
-2.786627555815978003e-06
-2.770568425851904992e-06
-2.765213479804918565e-06
-2.777049771452415615e-06
-2.781965198964996652e-06
-2.761206618119595971e-06
-2.623935174673548628e-06
-2.759998435715674845e-06
-2.728241886718893898e-06
-2.750001105033639933e-06
-2.709126689827536122e-06
-2.779996919179304599e-06
-2.773986596072680205e-06
-2.753161394001165615e-06
-2.772386490134914810e-06
-2.728797554784429005e-06
-2.738350867236258746e-06
-2.763095468671703411e-06
-2.709700045201901025e-06
-2.758790858297340578e-06
-2.767894577038232868e-06
-2.768211557374412617e-06
-2.746432953964847688e-06
-2.715026305795320603e-06
-2.767860224279380188e-06
-2.689574758101336656e-06
-2.779081492496573899e-06
-2.644009143031714434e-06
-2.751647103985928483e-06
-2.670821795174230743e-06
-2.687190984239893058e-06
-2.766319580050190060e-06
-2.774553582360377417e-06
-2.770444263536107829e-06
-2.775982258170669507e-06
-2.729784763027482827e-06
-2.740816562360510163e-06
-2.749287362468271772e-06
-2.775995092079071968e-06
-2.764398028367324941e-06
-2.661471110402892358e-06
-2.775558415267643116e-06
-2.755370792162556895e-06
-2.766382446162833566e-06
-2.761997601858168111e-06
-2.764714358369836361e-06
-2.756589076237384556e-06
-2.773872210439714304e-06
-2.729983459213346786e-06
-2.675412162958530548e-06
-2.765469792060583330e-06
-2.573819630851860700e-06
-2.760631007777393516e-06
-2.740655709956060094e-06
-2.758975204301215947e-06
-2.683417769715552665e-06
-2.669880788638093877e-06
-2.716114011800538281e-06
-2.762288948313562217e-06
-2.763044990269214593e-06
-2.743855237205350685e-06
-2.681371589050063911e-06
-2.765051283777174748e-06
-2.734582042465677871e-06
-2.778447793611315102e-06
-2.785530011201754747e-06
-2.757013759019477595e-06
-2.759800233181139400e-06
-2.716061480631925283e-06
-2.731733213936562767e-06
-2.794091515195386669e-06
-2.757520594239868106e-06
-2.766560578915430273e-06
-2.749997058514024965e-06
-2.757418326991282069e-06
-2.754001958440062759e-06
-2.753015991136689340e-06
-2.764285869090299041e-06
-2.762769960363713323e-06
-2.709275632909877030e-06
-2.749614162409098940e-06
-2.739027765230936944e-06
-2.772469599526669070e-06
-2.745851939430166615e-06
-2.670695906794516777e-06
-2.761612045573931655e-06
-2.749068611570044097e-06
-2.774580704845100408e-06
-2.761973499370362710e-06
-2.764988397276097106e-06
-2.767946062880698075e-06
3.675763611380670004e-07
-2.617636243376309643e-06
-2.763028909525582884e-06
-2.783999802845960462e-06
-2.784866127554187672e-06
-2.736019713945099857e-06
-2.778916279159842376e-06
-2.783506834902410398e-06
-2.756000948499632131e-06
-2.766511760954951714e-06
-2.771540857555596372e-06
-2.768181648328988389e-06
-2.773001059319827034e-06
-2.732446635080110850e-06
-2.772001721838311991e-06
-2.709529695081536975e-06
-2.768759966041630724e-06
-2.764916276681366170e-06
-2.792353491142886515e-06
-2.707857806293852655e-06
-2.773588865701823292e-06
-2.773396299552543534e-06
-2.769111208746404890e-06
-2.653533108042397298e-06
-2.776641642889724137e-06
-2.765840396095404554e-06
-2.747305917238553820e-06
-2.752607789886558790e-06
-2.480342821530313779e-06
-2.742739008123050656e-06
-2.749321159922010477e-06
-2.798427554093324363e-06
-2.778646301573785722e-06
-2.754692511211453419e-06
-2.761322028860452918e-06
-2.786547044531261075e-06
-2.737767887321093192e-06
-2.758129138636504111e-06
-2.774016984350194151e-06
-2.737438452878786495e-06
-2.769362315080958030e-06
-2.768916492380113633e-06
-2.771983699187537060e-06
-2.736082764670221696e-06
-2.761237881332433338e-06
-2.751744071440548341e-06
-2.778154851793011462e-06
-2.692312100519573709e-06
-2.787691866614643889e-06
-2.745304137145016564e-06
-2.763916009634913733e-06
-2.780337823086521416e-06
-2.744323276414745737e-06
-2.773195557866512012e-06
-2.765516874780066992e-06
-2.661355134385842281e-06
-2.751259732219448305e-06
-2.752523478595056471e-06
-2.735088238061644705e-06
-2.751476260881493322e-06
-2.770026378075074568e-06
-2.679761037058296366e-06
-2.749429776429805592e-06
-2.778076892944534652e-06
-2.772001572178452562e-06
-2.741767178038841014e-06
-2.753537545031374643e-06
-2.760012469160317144e-06
-2.767051900444757680e-06
-2.757807265162537233e-06
-2.737108652670630776e-06
-2.762197979527003544e-06
-2.758552869019881312e-06
-2.724138080747814853e-06
-2.637915611180957750e-06
-2.731444383612765627e-06
-2.774006833135544484e-06
-2.765463921090544352e-06
-2.769856939927666370e-06
-2.684695702176547685e-06
-2.737005314476840391e-06
-2.744945257960517918e-06
-2.771143871896912637e-06
-2.776038560224957008e-06
-2.773026345753808209e-06
-2.778275872015920277e-06
-2.754819623461925609e-06
-2.758138580087659953e-06
-2.779644689490805873e-06
-2.770472916860831109e-06
-2.717459364777546392e-06
-2.748006359263220229e-06
-2.770430018624496241e-06
-2.783998300103824344e-06
-2.744597929738456404e-06
-2.776527290192674278e-06
-2.735004745738521488e-06
-2.768653122165137810e-06
-2.782000390148203385e-06
-2.780000709603055261e-06
-2.743610945214823730e-06
-2.741181340186331343e-06
-2.758254508820305736e-06
-2.789018191857386997e-06
-2.766125812706545872e-06
-2.755667748341463587e-06
-2.765564975276596429e-06
-2.749277743911741954e-06
-2.751085215841518822e-06
-2.760756694071380874e-06
-2.760508105618216045e-06
-2.758604331585517328e-06
-2.740900790605196563e-06
