3.319698219678201234e-07
3.211425569321679474e-07
3.199924499852692918e-07
3.525458664287271584e-07
3.305787575328790451e-07
3.442263142420313289e-07
3.272137633956603872e-07
4.031250816601107034e-07
3.383730795016924040e-07
3.310832159575191174e-07
3.230194111828226095e-07
3.585011060235425157e-07
3.679641764765852866e-07
3.141544256279560828e-07
3.575373995595168765e-07
3.153817513421180977e-07
3.305857949574074153e-07
3.280457130740462861e-07
3.235552642339859092e-07
3.372652965915243317e-07
3.101237224580209188e-07
3.279931440965350584e-07
3.265662289633133331e-07
4.377174878650387180e-07
3.311507728715310908e-07
3.512116763592542788e-07
3.407506659603486518e-07
3.288341406707387590e-07
3.417733164029445123e-07
3.565711621689349534e-07
3.450878824127300599e-07
3.176387884168208121e-07
3.233310886061913050e-07
3.322746995514485671e-07
3.281329401882590927e-07
3.183378309048109111e-07
3.430700364211397909e-07
4.077996740968702025e-07
3.315800033498651783e-07
3.323412055023092258e-07
3.412775306566185472e-07
3.296227760602379865e-07
3.313914023190924073e-07
3.805357520571085369e-07
3.453606805197821339e-07
3.376651139642553053e-07
3.273295691594180909e-07
3.307855802976339508e-07
6.442659475760879124e-07
3.465218637157943939e-07
3.137620521111106627e-07
3.366216130932765195e-07
3.465323539827837735e-07
3.407100656997437735e-07
3.391402510155040534e-07
5.055243207460611046e-07
3.444752974742258592e-07
3.465020306501319771e-07
3.374300637879448171e-07
3.173627296011069670e-07
4.101429465089576247e-07
3.315471726466496609e-07
3.486062724760832579e-07
3.283925571156670628e-07
3.392917548849401327e-07
3.344834560028234300e-07
3.308178056643292893e-07
3.538766873344792181e-07
3.945973710371468868e-07
3.210319246751872747e-07
3.354900531557808755e-07
3.384062671971522475e-07
3.391002598486419911e-07
3.191188665691835658e-07
3.389100213296537141e-07
3.834847313902018202e-07
3.252792137856490145e-07
3.195497410117359983e-07
3.249348549116018626e-07
4.885193232151064147e-07
3.918484872866728175e-07
4.050899432043590216e-07
3.274536236587905660e-07
3.225169332226906236e-07
3.704118765938105107e-07
3.691712573741075297e-07
3.526127870283408528e-07
3.419459424027293966e-07
3.326395393289024845e-07
4.660798087090323743e-07
3.382597943822486115e-07
3.544366082740208959e-07
3.138734751924350298e-07
3.152911022148245359e-07
3.710136074171456675e-07
3.290477455872945532e-07
4.104948963107796614e-07
3.392415635926961816e-07
4.024437780950538147e-07
3.331724517102452876e-07
3.875663065861854083e-07
3.174874744884711570e-07
3.578476881284199050e-07
3.105777579969123390e-07
3.321666708919878774e-07
3.165203150354830663e-07
3.209629962822094599e-07
3.351085692297577248e-07
3.998273384810498426e-07
3.221253751367324437e-07
3.050761625783917135e-07
3.327899033426574607e-07
3.472867226750939433e-07
3.886443467638527306e-07
3.217206078012640810e-07
4.447974377644020571e-07
3.416136849771216663e-07
3.600888773569973283e-07
4.268189550821858871e-07
3.229281300342924332e-07
3.617434979424127101e-07
3.392802599710739256e-07
3.251130886395420716e-07
3.293367942341609084e-07
4.077319960385489987e-07
3.122971926934725332e-07
3.252295069576173495e-07
3.450669890885113318e-07
3.269604127659051604e-07
3.604883047619244624e-07
3.434843809548740148e-07
3.027149927061663838e-07
3.309112938018888127e-07
3.312741299511878478e-07
3.429984203360867653e-07
3.054381702920275719e-07
3.287928090164909309e-07
3.943409897656223975e-07
3.446265095256994829e-07
3.182040583026652343e-07
3.244119944123683668e-07
3.329750744376410450e-07
3.377123967789929419e-07
3.220454365325569468e-07
3.476227429015905304e-07
3.447837075205474807e-07
3.107102212640343726e-07
3.320744449315955903e-07
3.401368908239769966e-07
3.182145658061218163e-07
5.037806345752967299e-07
3.541924538293884849e-07
3.300504314344746406e-07
3.161700531500412311e-07
3.270341288281327601e-07
3.243875585091149672e-07
3.354642134131407407e-07
3.293337976083402879e-07
-1.444873217137411895e-06
3.434493927054883813e-07
3.152822583573396291e-07
3.333959407343895268e-07
3.193438889812778439e-07
3.067280079493927142e-07
3.494480729480797856e-07
3.356704346789356327e-07
3.323431206023023767e-07
3.292521506303071573e-07
3.120395347976687511e-07
3.174454006937655811e-07
3.870051888894495355e-07
3.165850410881455461e-07
4.447896049574556503e-07
4.491616958348395251e-07
3.403911045857720144e-07
3.658170542972596318e-07
4.015220084973191852e-07
3.348249995046956929e-07
5.472643483083819200e-07
3.225353130938025658e-07
3.214679773779940110e-07
3.351018508395480517e-07
4.036278450875675232e-07
3.392868280903415670e-07
3.290221805453932229e-07
5.593486425837266541e-07
3.285486255627707041e-07
3.195230659488438651e-07
3.620745694671141226e-07
3.123543936550110167e-07
3.413192823469588080e-07
3.531283705992105914e-07
3.537184941398759074e-07
4.462216318249200092e-07
3.219378507214703903e-07
3.559054482081523847e-07
3.331856425424819349e-07
3.239061002153513316e-07
3.996275012102769084e-07
3.387092997321549426e-07
3.222317900040442935e-07
3.407011092138442933e-07
4.112736929894490453e-07
3.276197108861235955e-07
3.290736193740844449e-07
3.697875640040894575e-07
3.384043068031326744e-07
3.334503350104655774e-07
3.356671164270818549e-07
3.373814886812743885e-07
3.242649448802316170e-07
3.085132292547279152e-07
3.151738590081866844e-07
3.291824476275529689e-07
3.562296362378301333e-07
3.399676714740786380e-07
3.424372265008437892e-07
3.477277481804889975e-07
3.330718751624645484e-07
2.828047375103113426e-06
3.605033529774528487e-07
3.222713271764984615e-07
3.586824341907707403e-07
2.967725241006041947e-07
3.297030854184551490e-07
3.200306327567719557e-07
3.473808651901229959e-07
3.114746711066894370e-07
3.019618293983360397e-07
4.009969926143849173e-07
3.310130294308108833e-07
3.073339085300719228e-07
3.177405987650303480e-07
3.453662086782055005e-07
3.239448318451432456e-07
3.227962300144707519e-07
3.125567888774484539e-07
4.487926477825258865e-07
3.366421019288899733e-07
3.392783721898202706e-07
3.358157954776542057e-07
3.488040143485974705e-07
3.280971430164479958e-07
3.591287532555881055e-07
3.266793286315813376e-07
3.417610158272043695e-07
3.202979875910903812e-07
3.202341025975029770e-07
3.233053318213234378e-07
4.330067857189460230e-07
3.311356267062288617e-07
3.109534830514314140e-07
4.513741217528412073e-07
3.232584621753517849e-07
3.300617666621711623e-07
3.300508758641655304e-07
3.737570617257458355e-07
3.429754393901462772e-07
3.233553518313767894e-07
3.424795829848546833e-07
3.392109085850716926e-07
3.573833634695465845e-07
3.174467706247481123e-07
3.834051198936709446e-07
3.239743998146436560e-07
3.118136018570976283e-07
3.783359462346287052e-07
3.486860543472859572e-07
3.298891145661767935e-07
3.333510742357393100e-07
3.614972439868170532e-07
3.597585396211007068e-07
3.348097507690345120e-07
3.477285971822669289e-07
3.282854923369039029e-07
3.065756110315648914e-07
3.138490434756867588e-07
3.182217272883504148e-07
3.255817334357168394e-07
3.212205581327357005e-07
3.326445039044741380e-07
3.256748424908586822e-07
3.222879800284206957e-07
3.241260533252061840e-07
3.212405413419804869e-07
3.319216431148251640e-07
3.560347169141798962e-07
3.761023738400885128e-07
3.733082185804830013e-07
3.191514644933924691e-07
3.794342707699743183e-07
3.330461173318511810e-07
3.463063997809456854e-07
3.565684727360489584e-07
3.276831399035452234e-07
3.220146253746074726e-07
3.398963052009424297e-07
3.371658411957330041e-07
3.215229700602670396e-07
3.118897285639483307e-07
4.323688146324040485e-07
3.816119393324263717e-07
3.222821418422408936e-07
3.360601146139753750e-07
3.197041233101268313e-07
3.264088790861090312e-07
3.205632677189354654e-07
3.741713437848788039e-07
3.198615382089900015e-07
3.166760211583707226e-07
3.459089095761361586e-07
3.672731511382793209e-07
3.240264211941438271e-07
3.430996527975290629e-07
3.341952583939144906e-07
3.452306847643290420e-07
3.394611169913823652e-07
3.849101753985951462e-07
3.802453964264816267e-07
3.184430113625724547e-07
3.228761785176034071e-07
3.133056542817232132e-07
4.017406588667551043e-07
3.257821990993549322e-07
5.879193553095231262e-07
3.731263281880888813e-07
3.598814489373945036e-07
3.165572049071151572e-07
3.257025881077148796e-07
3.165424149648582174e-07
3.276802636548711166e-07
3.362110168177396865e-07
3.518756036530519563e-07
4.041123947154059718e-07
3.309467813660946329e-07
3.198655489904208702e-07
3.388910402901525653e-07
3.445889734896327130e-07
3.401851482127310601e-07
2.989619315714587073e-07
3.353525984356217354e-07
4.438265269864652862e-07
3.612576738271428365e-07
3.758758221898388636e-07
3.404391238605433790e-07
3.747529876717711630e-07
3.367119958441325868e-07
3.234591278553170575e-07
3.116729387785389526e-07
3.182573590802534014e-07
3.238541692626847828e-07
4.101135860349938916e-07
3.698695234548169147e-07
3.315157889787541548e-07
3.211066969882699476e-07
3.797654929991896818e-07
3.369888565858409491e-07
3.084533103747151225e-07
3.284768656841482969e-07
3.241177430573399335e-07
3.392203820427823624e-07
3.613241763212732077e-07
3.522165500375779207e-07
3.390092241990022982e-07
4.886686124012399722e-07
3.433826846097242166e-07
3.201358939284633971e-07
3.304976748321757060e-07
3.298185260690122456e-07
3.620748189168043940e-07
3.464712901758512123e-07
3.654518629676386447e-07
3.057514953443633275e-07
3.485181830665500815e-07
3.491791926594314427e-07
3.275142580415712520e-07
3.694741365334245644e-07
3.517989187860544691e-07
3.472567193606751095e-07
-1.172859411152347229e-07
3.047622126714247673e-07
3.086843778366903351e-07
3.393748764408183458e-07
3.248288623622551653e-07
3.622605184987230358e-07
3.251028729732676522e-07
3.326915680618679946e-07
3.272772375769877652e-07
3.507715640880434294e-07
3.277094486185457274e-07
3.268322902137591051e-07
3.411117092461699767e-07
3.499532454829520864e-07
3.274549290285296812e-07
3.069908696944293214e-07
3.555420744237950668e-07
3.467222711507322160e-07
3.250803066941577359e-07
3.472777030877019527e-07
3.223687224599394367e-07
3.264051470536304146e-07
3.204434643571816129e-07
3.862856119656025918e-07
3.478740999313195519e-07
3.242578914138838487e-07
3.252720772974898996e-07
3.572700164467265800e-07
3.581850058361081206e-07
3.237437133218872718e-07
3.494437964153747831e-07
3.480013823233031353e-07
3.392931040067412172e-07
3.145323479599015583e-07
4.308090536281598821e-07
3.385116573031330349e-07
3.227717842532304893e-07
3.593642464332890806e-06
3.532161796590147067e-07
3.329458092673480208e-07
3.991712051805452023e-07
-2.258097526515204563e-06
3.131927852728345583e-07
4.117614444124674843e-07
3.294114165892670416e-07
3.418777074199180478e-07
4.723877017503593649e-07
3.181125266586136302e-07
2.994790207299698416e-07
3.713720846819564022e-07
3.130870374622853353e-07
3.874461914415600674e-07
3.249307970848868009e-07
4.903597683073122986e-07
3.352394373787203938e-07
3.100451373536662609e-07
3.528920129107595487e-07
3.339600011969559764e-07
3.476504060354723732e-07
3.258343158112157181e-07
3.161372549909207257e-07
3.379808453022691146e-07
3.075736123884434537e-07
3.670917200283093557e-07
3.253591061396571869e-07
3.437712807810725311e-07
3.173589552852470258e-07
3.826113310757213775e-07
3.530740160361316007e-07
3.394762617236991887e-07
3.197473560575900137e-07
3.501233219709611641e-07
3.038279197698530619e-07
3.568038928415047886e-07
3.368826912241125868e-07
3.435487005412145323e-07
3.429520562396731381e-07
3.296081617713092581e-07
3.622882939428404191e-07
3.164030332635436524e-07
3.182641917748735768e-07
3.873908140733778469e-07
3.822024653279452858e-07
3.966753355402841950e-07
3.240551030317874810e-07
3.462459642636430191e-07
3.338510445571748485e-07
3.157558773730450517e-07
3.140833327927615684e-07
3.364754502061603730e-07
3.710393923409340805e-07
3.457438639202874881e-07
3.452085283019586292e-07
3.307686756696126860e-07
3.101511717916148313e-07
3.231490617630782314e-07
3.679887133750712101e-07
3.187886295744325597e-07
3.432783995640361194e-07
3.335430045833518015e-07
3.555185705684484669e-07
3.290210028384784431e-07
3.235332566838274776e-07
4.508556202083792060e-07
3.190935798975786788e-07
3.173144361701958373e-07
3.316361824063281015e-07
3.184181851930951850e-07
3.863168223790306147e-07
3.240752627446978603e-07
3.296985426962847460e-07
3.489147040485381472e-07
3.208701824870844028e-07
3.261767816376666217e-07
3.447812306607803640e-07
2.949566847656941507e-07
3.109195920220745618e-07
3.448460298488045322e-07
3.335990911453061802e-07
3.645648270785792103e-07
3.270714874442348175e-07
3.237227135752664868e-07
3.144443089430687607e-07
3.404777940810223348e-07
3.308450887333440234e-07
3.408704524098685555e-07
3.583117795878781663e-07
3.323541939978414441e-07
5.030506114342919910e-07
3.292716101010576481e-07
3.216294443787526322e-07
3.264667556485477885e-07
3.091352933001637000e-07
3.559627730135108832e-07
3.893103756281195258e-07
3.560285718424250320e-07
3.217297313598975627e-07
4.054189459817718260e-07
3.157280358796087768e-07
3.313931794405787305e-07
4.218584520566345186e-07
3.408121370611429298e-07
3.636314875592391851e-07
3.231790690182848709e-07
3.261572133534753245e-07
3.445042646025927420e-07
3.295487512581301723e-07
3.207497334983319767e-07
3.487886947139705455e-07
3.206332320144862265e-07
3.494906883596327151e-07
3.305752300918285832e-07
3.594429439466245166e-07
3.175797948332203374e-07
3.587165862601685808e-07
3.156035447068968371e-07
3.725258071762042916e-07
3.945821314967663257e-07
4.882019283816169797e-07
3.347606458760826023e-07
4.121601055656592594e-07
3.532643038985578225e-07
3.214390648576581727e-07
3.236736760975535055e-07
3.766487073693574476e-07
3.146863322152915847e-07
3.858495470051435831e-07
3.304610558381062502e-07
3.575729484513778143e-07
3.130597748575569077e-07
3.363283703048331399e-07
3.445352823644266859e-07
3.997053242547468022e-07
3.479658051441821480e-07
4.107719499771198909e-07
4.120741116228800180e-07
3.677592227665073670e-07
3.980033859499466438e-07
3.418440193118182022e-07
4.006205542794735922e-07
3.327951365021290722e-07
3.414228440534329453e-07
3.510418421599885462e-07
3.134299912632943570e-07
3.216841647205278055e-07
3.545824430367919454e-07
3.229451253459781391e-07
3.388091636109493889e-07
3.369289545241787732e-07
3.106828916102089195e-07
3.649490460529539348e-07
3.512783640355081514e-07
3.421721557724582424e-07
3.504053820673205402e-07
3.205683523900207893e-07
3.189886417189829729e-07
3.358638314138463400e-07
3.422617298480104439e-07
3.405802580497285426e-07
3.319718798980444618e-07
4.173634105190765153e-07
3.506650447985499703e-07
3.275306758709277819e-07
3.296090140803548606e-07
3.431557231508508572e-07
-2.007563202107494179e-06
3.665509464289163621e-07
3.359070881752640007e-07
3.112563008497429441e-07
4.233805934241924626e-07
4.538911391493989821e-07
4.286850935776460795e-07
3.394737267708928098e-07
3.247180019661415689e-07
3.265939011565198080e-07
3.052957468232942547e-07
3.010348288985649826e-07
4.879667021698875409e-07
3.364766431507904510e-07
3.319177257556166812e-07
3.337431922795154275e-07
3.472105860898527307e-07
3.096913181024563433e-07
3.998225351968860590e-07
3.225235252229106771e-07
3.177717594977604409e-07
3.706853452859379357e-07
3.222038783618579794e-07
3.116050311698032622e-07
3.377811214207644515e-07
3.844742676190177871e-07
3.249361744502963083e-07
3.278843763303867236e-07
3.465713400021182733e-07
3.594863924193603870e-07
3.716365666325500124e-07
3.220818764694056072e-07
3.689165372272672863e-07
3.891773096667143771e-07
4.963589730598051443e-07
3.326098291058546871e-07
3.097040859600163120e-07
3.312608530679121771e-07
3.315213124183120266e-07
3.433472882890981912e-07
3.157563765621826486e-07
3.387041809608043525e-07
3.443632702852992235e-07
3.290521661037815147e-07
3.054213537192894492e-07
4.005597443202156765e-07
3.400454280243147849e-07
3.097952812394654944e-07
3.276529645675748652e-07
3.190010838836581710e-07
3.915908614232008226e-07
3.294985681506990455e-07
3.434918121786874460e-07
3.379753377195170989e-07
3.821951932154830650e-07
3.336832939549077696e-07
3.835592707287932627e-07
4.323459052523298430e-07
3.393251446332321656e-07
2.908949864766822045e-07
3.436945478361209454e-07
4.498137334038264694e-07
3.264257046655986214e-07
3.196762895588559797e-07
3.542297058144123897e-07
4.592286739866047274e-07
3.113562835974314156e-07
3.318645524589413538e-07
4.488593051850840351e-07
3.274189186884831982e-07
3.370106284961157998e-07
3.849501384165146217e-07
3.079576635264765103e-07
3.502796965031325344e-07
3.630778538873272971e-07
3.375958635771789774e-07
3.326731393572817580e-07
3.831425770868732402e-07
3.503302570302042621e-07
3.206215805772866586e-07
3.473979425722391005e-07
3.245431146626772716e-07
3.167790954585647988e-07
3.310179556126852438e-07
3.811785610773631691e-07
3.140045521409310634e-07
3.398011976299092991e-07
3.323343351667916539e-07
3.083828577619843808e-07
3.271931410755689632e-07
3.130336628524064057e-07
3.308662674962689891e-07
3.604386498920562289e-07
3.225058068266375326e-07
3.400854841491595371e-07
3.263565851018977116e-07
3.391205627119561886e-07
3.508052642821467559e-07
3.129902701569932940e-07
3.305051595284296849e-07
3.260552294901463093e-07
-1.982961361748345380e-06
3.341070533334136307e-07
3.053847446309834321e-07
3.207276658481141194e-07
3.206301992068814052e-07
3.276031727180962824e-07
3.354442804227891428e-07
2.967635648424514813e-07
3.417614546960062230e-07
3.723154252294381592e-07
3.855469529112619891e-07
3.739357871678654021e-07
3.542156607878578865e-07
3.418960209702682732e-07
3.436045185364813508e-07
3.485525178398662074e-07
3.298818291384897849e-07
3.591009409873515796e-07
3.856156950252685633e-07
3.391856226912949906e-07
3.352029933045961597e-07
3.426087946289321688e-07
3.824436405078491891e-07
3.523381527533222615e-07
3.212387525672360569e-07
3.196181510983685986e-07
3.365309484376715135e-07
3.614958664115517496e-07
3.460645271895164489e-07
3.483259658937823075e-07
3.416610680013753828e-07
3.137818478135043899e-07
3.222900121785881618e-07
3.261324984087143925e-07
3.134877822957160212e-07
3.624197150415522176e-07
3.843573096932776352e-07
3.313291194928072859e-07
3.964334741201506831e-07
5.668172039565180303e-06
3.443571270793303019e-07
3.482435845225386265e-07
3.043285872429690540e-07
3.186730084247880687e-07
3.595701402883368061e-07
3.894394524545369866e-07
3.005451003650347656e-07
3.053227199386568719e-07
3.155287612656506279e-07
3.144864648147385887e-07
3.333624051187393592e-07
4.590490041009130813e-07
4.215789752193411219e-07
3.726462537965057429e-07
3.591030747869613309e-07
3.293224152443916228e-07
3.663819251079128154e-07
3.213990056888385295e-07
4.499301861942700696e-07
3.225894138988255910e-07
3.631029863413891594e-07
3.254486271687424511e-07
3.832753867902397255e-07
3.301285051558993607e-07
3.455462144849867115e-07
3.404056732460661840e-07
3.342385650408453479e-07
3.236669531151827668e-07
3.413276546237984858e-07
3.320591993749385812e-07
3.378814799740836247e-07
3.278646425075338600e-07
3.341731898559090664e-07
3.280054541020538221e-07
3.388712595049205525e-07
3.467993997730653175e-07
3.113101151500186868e-07
2.988245661479626977e-07
3.447162502274259457e-07
3.296651684424667793e-07
3.203840568077088703e-07
3.199712416736701591e-07
3.458665595460782478e-07
3.065153372204020429e-07
3.398275350790055139e-07
3.006791357214413095e-07
3.519222659463256977e-07
3.254375897575296990e-07
4.537806390709058355e-07
3.207778149943979948e-07
3.465546839620132065e-07
5.640799371111192769e-07
4.629426171325555793e-07
3.294385350704169162e-07
3.286859598776757069e-07
3.414368855477801726e-07
3.787843772513409897e-07
3.243626553812275299e-07
3.199922310428682201e-07
3.285032418362203741e-07
3.421945217603564471e-07
3.372001119659434104e-07
6.115496897331104341e-07
3.404908647077391841e-07
3.535851730469866563e-07
3.286793103286267482e-07
3.024200264698184370e-07
3.233087176140961927e-07
3.211700774984347094e-07
3.297471849954890771e-07
3.508015456071414482e-07
3.450577999164938351e-07
3.514879400067138193e-07
3.179894999991807504e-07
3.272284241876968894e-07
3.151917727761206470e-07
3.259693880195894402e-07
3.228804423973662954e-07
3.737413502686735937e-07
3.418521494947636117e-07
3.355246532902231541e-07
3.391119028198197784e-07
3.413888455515690162e-07
3.225679622694701664e-07
3.490112913950037542e-07
3.602110196840197209e-07
3.713134263793289828e-07
3.311190681711007319e-07
3.355463916509365032e-07
3.175448648518444503e-07
3.603065537402225870e-07
3.219425878052004223e-07
3.302221189514769355e-07
3.223321265165440222e-07
3.680561543466839677e-07
3.245948161918723617e-07
3.278496112843229995e-07
3.282905114715254914e-07
3.126646394995546097e-07
3.286506111687570353e-07
4.626961813267730796e-07
3.059873263677344210e-07
3.702396919715451521e-07
3.434533629482058328e-07
3.372265794704502392e-07
3.241408725739527836e-07
3.774382762814010375e-07
5.057677441016216966e-07
3.693974578305812901e-07
3.418768233120775413e-07
3.441435154802023027e-07
3.479283499533564527e-07
3.309151569967960012e-07
3.469894708627108343e-07
3.311876701877293495e-07
3.463377765629318454e-07
4.041678489605270781e-07
3.432284414253440461e-07
3.160120727681772843e-07
3.152100465170968685e-07
3.260931600424523435e-07
3.254083892193040095e-07
3.178119786981669467e-07
3.140767602479342366e-07
3.396012200142936565e-07
3.135347475196334746e-07
3.423976511733192971e-07
3.394863695164231652e-07
2.986957113400581061e-07
3.425988535036037885e-07
3.301842383805342932e-07
3.133947161902655007e-07
3.898315441138590488e-07
3.201540662031644495e-07
3.278655833283837171e-07
3.375940326376829928e-07
3.374886350467464363e-07
3.519541476323596268e-07
3.070159202894427804e-07
3.549044888546113076e-07
3.519617907888508542e-07
3.745576075749425009e-07
3.926480397696245574e-07
3.155834672919641052e-07
3.219572832059363642e-07
3.177730637671727351e-07
3.212102859173657230e-07
3.227003435661965510e-07
3.378355702448801205e-07
3.348754616380223702e-07
3.336037697786700660e-07
3.132422571343051728e-07
3.536567207927328067e-07
3.567943303003550685e-07
3.170290527984704072e-07
3.403351615448789423e-07
3.212796742423295726e-07
3.396405094264686310e-07
3.196813560961326378e-07
4.435825801740527711e-07
3.656756051931151158e-07
3.333592383469856743e-07
3.451954756226794274e-07
3.148424065844838867e-07
3.192486307791665069e-07
3.466038881990894449e-07
3.347014008632597119e-07
3.476903757586387551e-07
3.225896303320625513e-07
3.141997012937579298e-07
3.574978702523263713e-07
3.163887352319917429e-07
5.631421324195047173e-07
3.191412991347297867e-07
3.085869580362604901e-07
3.160495803173285980e-07
3.290222092204552901e-07
3.451808565524905867e-07
3.637000061211973680e-07
3.431435738646504698e-07
3.803580991649629872e-07
3.324348656894574876e-07
3.331646987484234847e-07
3.495548905958293989e-07
3.296517564024888354e-07
3.414289872755249802e-07
3.727590061174148120e-07
3.237975226986095727e-07
3.295962640816223582e-07
3.728633114544456814e-07
3.058813850290464321e-07
4.023434988475253099e-07
3.175259428455583244e-07
3.198041974922504141e-07
3.350103737074831144e-07
3.124551882780265424e-07
3.256913786357006316e-07
3.423066954477185620e-07
3.826703059826952986e-07
3.684459089984789174e-07
3.130673969427843183e-07
3.576273272806832650e-07
3.531250934405186752e-07
3.414038331321032658e-07
3.336966922620672770e-07
3.404793774630770999e-07
3.745379999926918148e-07
3.155892972729384471e-07
3.343678580135047834e-07
3.653243695271116319e-07
3.307724186871148471e-07
3.076634499878351359e-07
3.265151547071120895e-07
4.252022590007566233e-07
3.089043129182504630e-07
3.269566546157924725e-07
3.323400802823832045e-07
3.503232938130214614e-07
3.298830594533305169e-07
3.501530160023040659e-07
3.231581445599330692e-07
3.448423703990777506e-07
3.398153240131708990e-07
3.441668666898371361e-07
3.286430867065606668e-07
3.962478178037151399e-07
3.173477504324362702e-07
-2.565220579727733677e-07
4.331728801772990557e-07
3.509945187951781983e-07
3.142184330739176510e-07
3.021994522502465836e-07
3.124996318150436997e-07
3.302369429938619751e-07
3.246134446912688217e-07
3.366082510213220456e-07
3.566480222191650425e-07
3.103363343302792700e-07
3.123521763307223929e-07
3.448684297601571810e-07
3.326770554945645345e-07
3.397195866360331831e-07
3.574345921351285687e-07
3.494724370259812711e-07
3.236798667748933093e-07
3.303720783726220030e-07
3.140861883519922882e-07
3.361920282603752209e-07
3.699480232636512628e-07
3.364101659294173792e-07
3.150140268236475911e-07
3.437294574024979437e-07
3.420067605958684376e-07
3.564936536203683610e-07
3.414623005385002635e-07
3.340363194173311544e-07
3.422735875144480502e-07
3.111610626212654499e-07
-1.449578723638718601e-06
5.569418718848635236e-07
3.283751760055879331e-07
3.302861314217133215e-07
3.563283654852583596e-07
4.027838935550258009e-07
3.279547285078291474e-07
3.410727334142800397e-07
3.370100388439647329e-07
3.475641353500326477e-07
3.228304193315066967e-07
3.758385231556188500e-07
3.213857820805619852e-07
3.126599093797548168e-07
3.274794358774470219e-07
3.209460795668162266e-07
3.293418635270964183e-07
3.345629225185196471e-07
3.385352403686365777e-07
3.253769694324227431e-07
3.340788038054039613e-07
3.471041771562378105e-07
3.364074463337135964e-07
3.429130715687130228e-07
3.941315286674435198e-07
3.236384856666413613e-07
3.064949651162948159e-07
3.105172653443873263e-07
3.301276770914971304e-07
3.144908665771772736e-07
3.243463363804667778e-07
3.367711010595130520e-07
3.336978199773630547e-07
3.035590637115694451e-07
3.332599742958580927e-07
3.168355076721922484e-07
3.316967460596063312e-07
3.111019501687055168e-07
3.524946952175347232e-07
3.125774827735212691e-07
3.275848809309747524e-07
3.560655119014347036e-07
3.326865787390089538e-07
3.240114059009769441e-07
3.109682759251334884e-07
3.258303046602762553e-07
3.265800327023060528e-07
3.205469553955673647e-07
3.293788075066097330e-07
3.276019849583685915e-07
3.123109268736691087e-07
3.284749246091378649e-07
3.239729755951234435e-07
3.431471303589713625e-07
3.421685061583178492e-07
3.295094505745147150e-07
3.371373527229508158e-07
3.496711513785662616e-07
3.835761314018439629e-07
3.259945746423699796e-07
3.101162549447769931e-07
3.475629172130855541e-07
3.211575788988106956e-07
3.206891054367382121e-07
3.465098489786578191e-07
3.190160102944837485e-07
3.304836700711657533e-07
3.303892370045263529e-07
3.535094170952359871e-07
3.433039333230654964e-07
3.147007020473692433e-07
3.366737757394699195e-07
3.366727840287504130e-07
3.126099126464463238e-07
3.538725124274044458e-07
2.924475933613140849e-07
3.419098140171425532e-07
3.271119220288644537e-07
3.478687090604681795e-07
3.345722092334976851e-07
3.377528311494279039e-07
3.224847041179574149e-07
3.301994541209932137e-07
3.332424239357162245e-07
3.422484864179278541e-07
3.006382824961894511e-07
3.389732400125628463e-07
3.415538053643069877e-07
4.749883627582539757e-07
3.161206298625305331e-07
3.504547733532772931e-07
3.413360218472388061e-07
3.231021243654608918e-07
3.221133292384975015e-07
3.409973359701763610e-07
3.161017721017496746e-07
3.940505122890743082e-07
3.210560813097559940e-07
3.141211645567347419e-07
3.670875198878067179e-07
3.187800159014596328e-07
3.216076362712343295e-07
3.183072743195788150e-07
3.909261515997849642e-07
3.290374367754874129e-07
3.221242927218799451e-07
3.426161015179098498e-07
3.448243711705042519e-07
3.167640448306505269e-07
3.238169055254211479e-07
3.338613873788215644e-07
3.396463382908306199e-07
3.298714432174813425e-07
3.539879672346023903e-07
3.294193119406946574e-07
3.192827527956994301e-07
4.364222679117602977e-07
3.148914865802248479e-07
3.136051269786855993e-07
3.455923388091098764e-07
3.319602136815011044e-07
3.497696040059142297e-07
3.386262765860544725e-07
3.342159106721270204e-07
3.765186343561718558e-07
3.287584056787294841e-07
3.405426577900129200e-07
3.436375158227288297e-07
3.245280095535482457e-07
3.293630631999709523e-07
3.623263524485954163e-07
3.830633957937483517e-07
3.310122692074149391e-07
5.239059625057301276e-07
3.719677203930570127e-07
3.238638073934283104e-07
3.408835330020215206e-07
4.369036397895942865e-07
3.319643086041841273e-07
3.224311082994078349e-07
3.212488900153917979e-07
3.390114869566194827e-07
3.321459862333358889e-07
3.690974806893446421e-07
4.440029407108167908e-07
3.531811721077100924e-07
3.594669754097442612e-07
3.509929758074858661e-07
3.430551555095053031e-07
3.488013751898045836e-07
4.498519959130512300e-07
3.370376737988632243e-07
3.313168392456455895e-07
3.283682397752826253e-07
3.264309088340179720e-07
3.270196792068095788e-07
3.391799730870882799e-07
3.287523905442564839e-07
3.107252521677732575e-07
3.177188449742605824e-07
3.021351968239868433e-07
3.672671558490352096e-07
3.321305488178340535e-07
3.364394177071639483e-07
3.604855567729052230e-07
4.467815001846392820e-07
3.377077660359455045e-07
3.270949089303625288e-07
3.661321031669941492e-07
3.619551980399317713e-07
3.333285531833402017e-07
3.224119474791563822e-07
3.330560054074726170e-07
3.052984778907293074e-07
3.544915306104076607e-07
4.543214963272481962e-07
3.228609867367327905e-07
3.239371087713219319e-07
3.295224229566462631e-07
3.284599485867829090e-07
3.196263621215692878e-07
3.241184544481071339e-07
3.336685577749263586e-07
3.369509147974934212e-07
3.291883223755413740e-07
3.275219466100140461e-07
3.260706770331886847e-07
3.219264158865457010e-07
3.683375269129104586e-07
3.436010064012838996e-07
3.383526267589126213e-07
3.395658418056011416e-07
3.550348392470008962e-07
3.365938081283959752e-07
3.334918094930243692e-07
2.847550496941090401e-07
3.285327079854984988e-07
3.182808749968367683e-07
3.460926359533625022e-07
3.299610749610633842e-07
3.198718383779727447e-07
3.221462540131633418e-07
5.010579658775023548e-07
3.214214394159106548e-07
3.665893422734699846e-07
3.011478377905320996e-07
3.344030352956674659e-07
3.258075055984746552e-07
3.274124112089278787e-07
3.291772358802480892e-07
3.259360469515250716e-07
3.557789111920656146e-07
3.289134887338572210e-07
3.295720254733688552e-07
4.685272640096680890e-07
3.268395487607475359e-07
3.195638336737802112e-07
3.215895774796355933e-07
3.276647346381019782e-07
3.267386870085581309e-07
3.723386543454477219e-07
3.248472094668561725e-07
3.236462501474502964e-07
3.384210011590907476e-07
4.513864845844681108e-07
3.391465063572067582e-07
3.321606743081917079e-07
3.411576043766509971e-07
3.056791237027627123e-07
5.319590091030381817e-07
3.107132876229674473e-07
3.415640120175913301e-07
3.186802197039926861e-07
3.341306996167134485e-07
3.094064335145594331e-07
3.343658686328153391e-07
3.459383543291278311e-07
3.323034810261080492e-07
3.313366680667014468e-07
3.247036600495487585e-07
3.140225545028426996e-07
3.479821697682475571e-07
3.322759208118425710e-07
3.295717043472930835e-07
3.420936781251742800e-07
3.169096551557278703e-07
3.063977725020354834e-07
3.342823089440955188e-07
3.160091687678988229e-07
3.398066043136714803e-07
3.099315404129068544e-07
3.199944254674688608e-07
3.349563673449221191e-07
3.280319154629496341e-07
3.182417022928619090e-07
3.351559027362825445e-07
3.016857393697836666e-07
3.330939847622236936e-07
3.299566727133539122e-07
4.069818295287365734e-07
3.482678397668129223e-07
3.332167780975121540e-07
3.500451828619672835e-07
3.413818089850763924e-07
3.470274797440298945e-07
3.241209641638209592e-07
3.458306726990155506e-07
3.168820468600687046e-07
3.336299350010954050e-07
4.382492004581244464e-07
3.252341263363886989e-07
4.933753945256401745e-07
3.187816046904829364e-07
4.476029501978121754e-07
3.676838723793339490e-07
3.550438861343092990e-07
3.480033791711859090e-07
3.066889143706502687e-07
3.523859056613242186e-07
3.403878241725921089e-07
3.349305141975109380e-07
4.804959254003769456e-07
3.164503270055682090e-07
3.337468833784212896e-07
3.034879082967138494e-07
3.379843954311566258e-07
3.478773196564642236e-07
3.328813972317532293e-07
3.115376567058099130e-07
3.380885829363426420e-07
3.277867694281417812e-07
3.287256949354854778e-07
3.391709802626410350e-07
3.474822164548526464e-07
3.361897255517981343e-07
3.367417528536834652e-07
3.313618392586065946e-07
3.515250806500618594e-07
3.300991322385407824e-07
3.202812874543781885e-07
3.374345352412994218e-07
3.781811232208380722e-07
3.570626012754994325e-07
3.314171602813774170e-07
3.380127012267884109e-07
3.185267338807672933e-07
3.380097908133894601e-07
3.105320015330420900e-07
3.324322861867708711e-07
3.453662895291439834e-07
3.444848626841392798e-07
3.645724722697203394e-07
3.359474110032112798e-07
-2.374067313014131656e-06
3.692446423816914098e-07
4.048583507452001950e-07
3.974959024261403863e-07
4.818898620677822878e-07
3.625234191571068845e-07
5.155254992852747037e-07
3.439749704533677197e-07
3.076522125195442902e-07
3.407697868380542042e-07
3.770493720320148309e-07
3.206119704907370708e-07
3.217693781683022394e-07
5.036428092068662623e-06
4.463933790169863895e-07
3.393098952236425080e-07
3.378561063463362000e-07
3.236622771344238399e-07
3.146081523769349052e-07
4.456880339638117130e-07
3.399748020598468432e-07
3.288633663827651120e-07
3.000548838078859646e-07
3.110063498668877911e-07
3.488230393901745391e-07
3.658809383838653849e-07
3.353092688285709587e-07
3.392786347639435408e-07
4.895140856375362776e-07
3.439007508619269329e-07
3.338004163273219708e-07
5.111240704723874496e-07
3.380437187885963184e-07
3.064231802729921625e-07
3.142286018880192663e-07
4.542106534278532047e-07
3.170139176870180729e-07
4.703971861691425665e-07
4.031525174213377777e-07
3.816998007615403758e-07
3.527243555073121393e-07
3.387331449926699784e-07
3.323736727052298218e-07
3.231778841733889280e-07
2.964244387451194868e-07
3.394094230855295931e-07
3.517737329589985445e-07
3.206653309618613649e-07
3.209207722049380721e-07
3.284544907122209716e-07
3.641158792297830854e-07
3.345103270358000235e-07
3.316770823360690757e-07
3.280018489421949870e-07
3.134818178640786900e-07
3.591881171452755481e-07
3.936901877011665848e-07
3.070947738290402553e-07
3.924401798702111036e-07
3.097394089276277511e-07
3.561169195555060005e-07
3.085827607370013366e-07
3.395873944942218163e-07
3.271797400135486679e-07
3.333547942095463460e-07
4.070045097646627812e-07
3.275559048324877182e-07
3.580707238790023580e-07
4.942046986400742773e-07
3.010339044054382131e-07
3.436927385990497666e-07
3.269224815146464905e-07
3.671854488656442192e-07
3.186873041861633011e-07
4.220251754403640069e-07
3.292257329429207496e-07
3.261950347702336689e-07
3.305605375824434184e-07
3.531490510283578766e-07
4.019516384612451032e-07
3.335058813094207258e-07
3.415895862551981202e-07
3.259842558690421863e-07
4.179338463471407429e-07
3.494407428927829199e-07
3.398729255944413246e-07
3.392681821309355866e-07
3.436260038447916653e-07
3.436899520020384513e-07
3.103867512919235876e-07
3.220094327998823425e-07
3.589778314905659300e-07
3.734406393869700487e-07
3.243690653722755681e-07
3.233259273859305706e-07
3.396040375371928248e-07
3.397530397303947312e-07
3.240299703253430463e-07
3.362590547181496623e-07
3.248958932066661216e-07
3.651689246015828580e-07
3.219733098844900708e-07
3.188352699580414910e-07
3.280356887160377070e-07
3.064838198285062309e-07
3.132035822887291753e-07
3.120139706808742536e-07
3.067350129406755272e-07
3.037779920715215095e-07
3.141033193710884787e-07
3.414015503207428800e-07
3.064022423607840198e-07
3.544907387826026154e-07
3.361523056867189911e-07
3.184153465720334511e-07
3.915081754261819147e-07
3.410947168975841384e-07
3.241600518534638186e-07
3.104100025384633896e-07
3.565644784084252079e-07
3.465592257303284256e-07
3.374151192592693098e-07
3.588904191471559777e-07
3.206101128316282696e-07
3.317274927140816247e-07
3.650023073001017121e-07
3.379834014917808326e-07
3.187564001912306522e-07
3.172853044264268420e-07
3.518082921369828795e-07
3.638630257137174178e-07
3.392342230281334255e-07
3.320577479173445202e-07
3.114937982859366227e-07
3.481835132571645726e-07
3.486799519218619591e-07
3.308768786232735370e-07
3.644570183585816621e-07
3.409896376747290732e-07
3.137801544817081375e-07
3.338007469832134426e-07
3.235303121982617258e-07
3.522603386870584015e-07
3.196468574957093706e-07
3.500451545748902990e-07
3.296093197154802232e-07
3.246615656586339826e-07
3.486031941537526567e-07
4.390894465463100973e-07
3.202647012717605587e-07
3.111991043316169587e-07
3.380843056006764517e-07
3.343949545196392973e-07
3.481197970478423544e-07
3.428089774245628558e-07
3.857806957399087804e-07
3.252004894776027044e-07
3.492004778937928320e-07
3.202133686917094137e-07
3.042824357530066927e-07
4.379469609002043928e-07
3.357724145891546832e-07
3.531827492504353059e-07
3.391287348513744213e-07
3.456474470789092501e-07
3.239960062516351254e-07
3.344558465446429903e-07
3.422575086788575817e-07
3.743400540184675281e-07
3.246791717044999902e-07
3.343682809159862500e-07
3.089830455111439768e-07
3.318971686576218728e-07
3.567159604782185925e-07
3.132499539509244143e-07
4.480168572457792009e-07
3.415516725171497337e-07
3.362833444210044368e-07
3.310092310854380565e-07
3.385240237412550213e-07
3.245014653207266907e-07
3.159055698337408776e-07
3.347724480773350201e-07
4.645990158803150339e-07
5.392054228168573946e-06
3.450992847998811475e-07
3.419069948388501031e-07
3.345162814402686837e-07
3.454890864943069066e-07
3.084667722545277878e-07
4.546663657198915320e-07
3.349305077845170270e-07
3.328581622175437701e-07
3.207310563470658273e-07
3.483670127532681494e-07
3.783350505576664569e-07
3.301672261832532954e-07
3.306200275085322413e-07
3.209952350045070115e-07
3.417107935354276034e-07
3.591611947224912427e-07
3.800898349532705103e-07
3.249654604515027859e-07
3.545735849887574500e-07
3.301710373184179499e-07
3.356494157580075214e-07
3.446096212670487509e-07
3.601286753561351555e-07
3.740435673581587249e-07
3.391783407322902749e-07
3.502956577758299568e-07
4.595429764143082659e-07
3.386940004728702531e-07
3.551734503594184643e-07
3.265279339281139246e-07
3.534586737635585323e-07
3.862042620880134525e-07
3.553341156858091106e-07
3.492154269951286948e-07
3.202789451220371630e-07
3.082352931560904749e-07
3.347916295604006792e-07
3.277948831528131384e-07
3.249790350041594437e-07
3.092044182432323150e-07
3.903031618969722357e-07
3.176751952558905162e-07
3.171927856164858135e-07
3.179361092227189165e-07
3.590845922813728486e-07
3.343446065874175547e-07
3.218647587551361718e-07
3.339339933055652882e-07
3.469103075934453940e-07
3.331038484588056337e-07
4.396518791035860244e-07
3.331808073974034922e-07
3.323858373007656371e-07
3.434337398384972469e-07
3.170916264317626153e-07
3.483965228997383078e-07
3.381922134754764593e-07
3.207592915236256472e-07
3.182844085799027547e-07
3.294561307526148503e-07
3.198410093593988767e-07
3.382528987321025725e-07
3.129497977549585713e-07
3.087218577282589573e-07
3.164351261305852643e-07
3.414117599427713470e-07
3.309974242234735085e-07
4.492962827131262953e-07
3.212512713469156838e-07
3.360605391074953658e-07
3.512554254471976727e-07
3.276734680313500681e-07
3.028309529435143723e-07
3.254298298692444654e-07
3.876868179090489878e-07
3.821050315653638396e-07
3.311481655626622929e-07
3.089743078798108986e-07
3.299563820317651940e-07
3.441360233487187885e-07
3.330459612621751672e-07
4.141969072169601771e-07
3.316724424060571879e-07
3.939299143398054119e-07
3.061918078178670695e-07
3.702833481283355760e-07
3.418162888102965534e-07
3.357013261972024132e-07
4.799891380451625744e-07
3.528860949945534207e-07
3.050103047943622619e-07
3.344568593546110645e-07
3.255078252675679731e-07
3.251013784302775852e-07
3.584155515875161446e-07
3.564159742483130736e-07
3.515440473833426005e-07
3.962066636737446612e-07
3.682934072363102761e-07
3.326073230946521620e-07
3.229760310170592432e-07
3.258334140611269761e-07
3.806451261717197954e-07
3.314202944859799060e-07
3.152880745849124221e-07
3.163353107174163323e-07
3.367349623074700732e-07
3.389071776449354244e-07
3.057011006724461270e-07
3.205069447206915589e-07
3.326254827455684624e-07
3.227526682696806179e-07
3.833989757012223593e-07
3.069277352854096033e-07
3.350050443875497096e-07
3.363296458645491956e-07
3.534184152552899254e-07
2.962248686925305029e-07
3.260534728248311877e-07
3.163194462880794175e-07
4.258382148786539974e-07
3.194389971386618031e-07
3.082747158387936438e-07
3.291220381496379583e-07
-2.167089100313317304e-06
2.856723658940762498e-07
3.255713650084409461e-07
3.997736045794066769e-07
3.257532297524548653e-07
3.218145655708724500e-07
3.486539715078970426e-07
3.276277171947282223e-07
3.263112012861862583e-07
3.625729876233025675e-07
3.240881316154629626e-07
3.583932836140391902e-07
3.280750476939395669e-07
3.147531586308727896e-07
3.067186137536050883e-07
3.307151368865268882e-07
3.483641978814812032e-07
3.413684618602553115e-07
3.424166051038941345e-07
3.412492046719216301e-07
3.574329407858036512e-07
3.394394532691183569e-07
3.433699749379473710e-07
3.108243373328359149e-07
3.568678317482700294e-07
3.412539645836918281e-07
3.280999510145935446e-07
3.450168864283246910e-07
3.322071035367047530e-07
3.417336228997204479e-07
3.325370790318316343e-07
3.347131782724416340e-07
3.385613543534332558e-07
3.564137803822404527e-07
3.725045680947058876e-07
3.355309282198184622e-07
3.308733203337382574e-07
3.174974066251986095e-07
3.510734535636125056e-07
3.938698167564892413e-07
3.160022424847307546e-07
3.914316236826938545e-07
3.211337324389043122e-07
3.451057767173066500e-07
3.430890914831074336e-07
4.112021217197884755e-07
3.162997671574977779e-07
3.266802122591410869e-07
3.256313059121496711e-07
3.484103293453672651e-07
3.402711558041907850e-07
3.613707732256731460e-07
3.253463542446425911e-07
3.187337611875142816e-07
4.235586551229675916e-07
3.228692211017430682e-07
5.021085445821088876e-07
3.289046545856997067e-07
3.163470209573494464e-07
3.087306362528657152e-07
4.015286114487231287e-07
3.052472525173045618e-07
3.104915560037933867e-07
4.347506658890770973e-07
3.175665339652642155e-07
3.363966445393715460e-07
3.450954019355398232e-07
3.402635561168289113e-07
3.313640674030409940e-07
3.250818091246565096e-07
3.215815358409038777e-07
3.356130335510365588e-07
3.547839013854894793e-07
4.706196020744990362e-07
3.317587041695809306e-07
2.898912853029392820e-07
3.127838346268602953e-07
3.295717780045073238e-07
3.154004011627955542e-07
3.183657110409306609e-07
3.981998560012727854e-07
3.715205608921728689e-07
3.072487937220858110e-07
3.461074808723944746e-07
3.403258238186005057e-07
3.484533326433584654e-07
3.244759390159887961e-07
3.405662439547644358e-07
3.557286171018100075e-07
3.153258093045648271e-07
3.243442172151547352e-07
3.091818392654446876e-07
4.456892822470123357e-07
3.257287751273454701e-07
3.392399617389863540e-07
3.657089239056880941e-07
3.090842234420278279e-07
3.350338060375754323e-07
3.469661915212793119e-07
3.742200089957921039e-07
4.083832425023330639e-07
3.815815211310541731e-07
3.978902323619362975e-07
3.539676168330812230e-07
3.444140158248540291e-07
3.459256504552824039e-07
3.069562923692200070e-07
3.414041333712208551e-07
3.327954344716113973e-07
3.263555493428740858e-07
3.345561347807730583e-07
3.498511264914330917e-07
4.080169022978405626e-07
3.541720125452036030e-07
3.340862455559845716e-07
3.290036720259561870e-07
3.377229036273406371e-07
3.560721965734399388e-07
3.740118977983752433e-07
3.289095653127922825e-07
3.322988276003735229e-07
3.390266026477708762e-07
3.305247082483629803e-07
4.594234854275209373e-07
4.532891005841678349e-07
3.285709918395698772e-07
3.312443512265681322e-07
3.568314371505473193e-07
3.274683167085991624e-07
3.386227549026106255e-07
4.118164018558513132e-07
3.516779486116634065e-07
3.273532307017818254e-07
3.349480712246543222e-07
3.334319592008245248e-07
5.042306554964715303e-07
3.170135526122924551e-07
3.181828582436537907e-07
3.942373107863652691e-07
3.418900903341041606e-07
3.208356101383633248e-07
3.359579694159529887e-07
3.356903605366394634e-07
3.399687270458299161e-07
3.391481430240629915e-07
3.286563673537855809e-07
3.421245508534009775e-07
3.221271254161867137e-07
3.362889342928911818e-07
3.262805485492745124e-07
3.218873473521177806e-07
3.065585622478298612e-07
3.499368579033057957e-07
3.430910527903512907e-07
3.217115454796913079e-07
3.294104978491776736e-07
3.398126134439504281e-07
3.441073887812779682e-07
3.300755758278480123e-07
3.421394766702437479e-07
3.585969346803306597e-07
3.374651511133716573e-07
3.224834325375587880e-07
3.569303937957596641e-07
3.433886543900349495e-07
3.284307054923943340e-07
3.497692646895422237e-07
3.381612167465107521e-07
3.417231719461906809e-07
3.394902238255577962e-07
3.091932895035606611e-07
3.365016152431573355e-07
3.313950058054040858e-07
4.870126752448383480e-07
3.141909434660017032e-07
3.144505748998641700e-07
3.121481474073214692e-07
3.311396996741599343e-07
3.285768499673087666e-07
3.405411303944986868e-07
3.596861139577622245e-07
4.215747675366652687e-07
3.475234557864897492e-07
3.272460540162133769e-07
3.353318312784265031e-07
3.286219877612061116e-07
3.291895493942665765e-07
3.317191284420173359e-07
3.219308171215558691e-07
3.386551364569512738e-07
3.182930505044355687e-07
3.391183350333985394e-07
3.259937550700136642e-07
3.335196601323291206e-07
3.486889853568692263e-07
4.054752774503904684e-07
3.224840726155562210e-07
3.253854251040063333e-07
3.402488748202039573e-07
3.302037922844900991e-06
4.068842126929795518e-07
3.403495549982309989e-07
3.313702710079630219e-07
3.424405170996327903e-07
3.438997406061381126e-07
4.564581117408435790e-07
3.298424438015776276e-07
3.424063512459531737e-07
3.240764757075499131e-07
3.090866800431106922e-07
6.207006075224763099e-07
3.491533093755909382e-07
3.602882025608247444e-07
3.302443321425739247e-07
3.340227039555929586e-07
3.384952386943401751e-07
3.234902900635350811e-07
3.435437276194449729e-07
3.592061890532137774e-07
3.465331228965682969e-07
3.246317933343201009e-07
3.309972764885370035e-07
3.425401610075735305e-07
3.404150762831206623e-07
3.108199769801051507e-07
3.369221289639956163e-07
3.250771883727633846e-07
3.182909449312839891e-07
3.636651032682537966e-07
3.178298437071864254e-07
3.311887307249792998e-07
3.502361240341992333e-07
3.301255258325015395e-07
3.174915466409031014e-07
3.204071661650734187e-07
3.353349356174480887e-07
3.173749145585108942e-07
3.170128396277873424e-07
3.523612590239513134e-07
3.387098309004850794e-07
3.310783088333459807e-07
3.079275310536018552e-07
3.181033749477712968e-07
3.259865146772278585e-07
3.347789102644268520e-07
4.453046188098821551e-07
3.423545734317497500e-07
3.264628230743818769e-07
4.803578480932363810e-07
3.312851076079342696e-07
4.108699122009703963e-07
3.473844976184992612e-07
3.060915629742716540e-07
3.416797352158080779e-07
4.397439198657298438e-07
4.090861952647184231e-07
3.320543760700512699e-07
3.394171370144315837e-07
3.280647093454425051e-07
3.922637751909497894e-07
3.219463488286046684e-07
3.289903339067376793e-07
3.282939955598204562e-07
3.278557585395526718e-07
5.036438053886400118e-07
3.526930223440194346e-07
3.206348612161691452e-07
3.273057820500098140e-07
3.232598606421712188e-07
3.150163694745647490e-07
3.546264549092991277e-07
3.300484467609836064e-07
3.678655759287136183e-07
3.103226086292702788e-07
3.715896470965960053e-07
3.098449873055256430e-07
3.421810178225798414e-07
3.181743463826649599e-07
3.276211060631446717e-07
4.149248144947484554e-07
3.540430688633692724e-07
3.403849728481378137e-07
3.006134857364625160e-07
3.396991757363602340e-07
3.404531431466481117e-07
3.692384644879780397e-07
3.470903974482836415e-07
3.294694518684172653e-07
3.238492967160215858e-07
3.493589337077896712e-07
3.611447242202302077e-07
3.651572549308778405e-07
4.559536413282435072e-07
3.110219187185235547e-07
3.085301610414460887e-07
4.186638673915806481e-07
3.222285449569249967e-07
3.477913693811840523e-07
4.087371503463306268e-07
3.298039573459546287e-07
3.175426507664889558e-07
3.283414586436449135e-07
3.276152349543895435e-07
3.072232801875451192e-07
3.449599553732907902e-07
3.597632912328200422e-07
3.106558722150291718e-07
3.305192495769715796e-07
4.908373608216048317e-07
3.740566027336628394e-07
3.352401659198144047e-07
3.435557365026509283e-07
3.232885033582541742e-07
3.462104578501942244e-07
3.206388421576652033e-07
3.411605403747745639e-07
3.268818949940899514e-07
3.174678910295268499e-07
3.236671901924600835e-07
3.315596314291328022e-07
3.323229740855791158e-07
3.684640426743062037e-07
3.424360090539855021e-07
3.246027085937802716e-07
1.259937274235115702e-06
3.315981717374860842e-07
3.581641805829967316e-07
3.081202666676053171e-07
3.117879364992597928e-07
3.366829185898021354e-07
3.048465111577410164e-07
3.425948845041313332e-07
3.717573020997478127e-07
3.185079644857142989e-07
3.021412378615951558e-07
3.392497821971545686e-07
3.502367609048931767e-07
3.273823175835879111e-07
3.464764796693203549e-07
3.260455653614687596e-07
3.413756237451369033e-07
3.392804169235161362e-07
3.205293272692842869e-07
3.248043492800221540e-07
3.355852018024981898e-07
3.365566521916588553e-07
3.269113665398722108e-07
3.315311359247210019e-07
5.002013848559500173e-07
3.442505181974910275e-07
3.487153763330898536e-07
3.640320580156807095e-07
3.378291026433968298e-07
3.587912863789200880e-07
4.407458518276633786e-07
3.343788006656335311e-07
3.353295566127174850e-07
4.349655757831869642e-07
3.436243584530950051e-07
3.298084730352053159e-07
3.259487111329668216e-07
3.144472228987665908e-07
3.189921465526184582e-07
3.356314405053833503e-07
3.583181627001725202e-07
3.787869124321788024e-07
3.834346925543128262e-07
3.424333200461651511e-07
3.346070605745871083e-07
3.324712409237703307e-07
3.413934991430840368e-07
3.448971623315147195e-07
3.588558162926527304e-07
-2.467488900184248362e-06
3.483997374548954131e-07
3.273018936391213093e-07
3.335875578561508766e-07
3.229310625190664834e-07
3.143463191688379064e-07
3.061502661268635496e-07
3.669178109267489676e-07
3.669048531611878933e-07
3.331851918240402975e-07
3.237437095287125330e-07
3.991366663389917328e-07
3.356488412432537233e-07
3.889076389933475801e-07
3.200077648343210541e-07
3.233912730762808737e-07
3.366610919668663896e-07
3.387322401251894471e-07
3.532710892282216648e-07
3.227148438021699542e-07
3.364066786622648323e-07
3.379141058643834126e-07
3.638139364080833851e-07
3.342927230497571924e-07
3.355646684154230350e-07
3.071287323566937044e-07
3.141365664509891036e-07
3.242153160045561140e-07
3.109076229071515597e-07
4.739454263463437882e-07
3.949458226395844251e-07
3.422087953623139109e-07
3.349392292452995927e-07
3.660926662889870488e-07
3.173313140309350183e-07
3.487268997841242874e-07
3.396347050575140653e-07
3.221869870549293232e-07
3.293624298767736001e-07
3.381212357962510385e-07
4.025678646795252650e-07
3.531726093100386953e-07
3.254581200715367104e-07
3.378885218349306978e-07
3.340168978240902552e-07
3.180162233789039318e-07
3.360468687434682032e-07
3.340912209326729820e-07
3.253781211660754529e-07
3.497447896302284736e-07
3.387836062805315664e-07
3.281781809335769307e-07
4.059346323630132313e-07
3.233296935950395557e-07
3.426176309626929262e-07
3.258866779967978797e-07
3.275049907527314824e-07
3.426104301602773677e-07
3.364370209896621287e-07
-2.293786224361295937e-06
3.116023321569449347e-07
4.177816506358804740e-07
3.420242786908587547e-07
3.439337839494001561e-07
3.342738470607278884e-07
3.512750039713703279e-07
3.255018374865148564e-07
3.511391596474437941e-07
3.267176297295028694e-07
3.458966299418506569e-07
4.033977386401461286e-07
3.255520809388629934e-07
3.295674041132739927e-07
3.238622116288944509e-07
3.242643071647911860e-07
3.198072206586686258e-07
3.381880381591837118e-07
3.603111731828853669e-07
3.205800341905923064e-07
4.431360853263154417e-07
3.140290083261991262e-07
3.441473674470050669e-07
3.934437223682744769e-07
3.276545753210571697e-07
3.814950879613722179e-07
3.795899827286944644e-07
3.390327479654375633e-07
3.344371696016124265e-07
3.352847227337207955e-07
3.188917466484553366e-07
3.371896245408161668e-07
3.308426452111767778e-07
3.660755129563885322e-07
3.450041194247732505e-07
3.309154717677169774e-07
3.718630995479995204e-07
3.953106517597346511e-07
3.350166128796640282e-07
3.404102547859333212e-07
3.293049911009722203e-07
3.391003542401486366e-07
3.183628524419493093e-07
3.254176763442000424e-07
3.739139004870351073e-07
5.194060171641546356e-07
4.323463760470954684e-07
3.386851938404716219e-07
3.773130824559745030e-07
3.551119142028398959e-07
3.139388793143092841e-07
3.128936311506022271e-07
5.558943214170865285e-07
3.409644507410888186e-07
3.441446959134870703e-07
3.222216557073655300e-07
3.492682293608633901e-07
3.441869151112280715e-07
3.389113712541790818e-07
3.619880780783118392e-07
3.264203809393319928e-07
3.328424071128855144e-07
3.231602420349559059e-07
3.562923014168577938e-07
3.281189015578730380e-07
3.839207221631859112e-07
4.066256640715744195e-07
3.409265259506216524e-07
3.763626035143500989e-07
7.335455841193288594e-07
3.446528674127526203e-07
3.193824728994391527e-07
3.755663860810675515e-07
3.252750225371455263e-07
3.198591569156737072e-07
3.136641930297506368e-07
3.352832485641908568e-07
3.307575105568687339e-07
3.054402122530013187e-07
3.181706879079994144e-07
3.268623159178186272e-07
3.302535282648868123e-07
3.995130554045959543e-07
4.594011118197346679e-07
3.417656275992050182e-07
3.205433721638353227e-07
3.347255423134146928e-07
3.421816402758606621e-07
3.142590568853661378e-07
3.699413278494944105e-07
4.081091960838865049e-07
4.059601675861072409e-07
3.366031706678642976e-07
3.161761429357702867e-07
3.450165143061810847e-07
3.535457815392253907e-07
3.310459894487956938e-07
3.468212335517223257e-07
3.274395182538205408e-07
3.164771611958237047e-07
3.108061285534491556e-07
3.258017915273114187e-07
3.322484641482017688e-07
3.393841454563741655e-07
4.802422825713833697e-07
3.441727268291395677e-07
3.239936502799174795e-07
3.207586598086008664e-07
3.755159128650870417e-07
3.473295050406520542e-07
3.444858073575096509e-07
3.389000118109013647e-07
3.131386155565779534e-07
3.261356660350687346e-07
3.393801381084824046e-07
4.257029969048958018e-07
3.230525720410447122e-07
3.292823386249573779e-07
5.196837274732944019e-07
3.313913741986553380e-07
3.254572414102805263e-07
3.382650768072546418e-07
3.158577386916454654e-07
4.155802867591396187e-07
3.506318544883597168e-07
3.190494913296022727e-07
3.304094573801886151e-07
3.823664167273915265e-07
3.365050335761602499e-07
3.243621033879058117e-07
3.392082605895040866e-07
4.062140838403035587e-07
3.258059243191321714e-07
3.074326165823729575e-07
3.443308388988085601e-07
3.242334155186918341e-07
3.404688113003417950e-07
3.535823650254532042e-07
3.351994614294365332e-07
3.216876223538170113e-07
3.170901353244866779e-07
3.103816876732901140e-07
3.510958282256914730e-07
3.138641494751889726e-07
3.987156657595360426e-07
3.869191143829977942e-07
3.497241902691088688e-07
3.909026071103234145e-07
3.295308228622365839e-07
4.086502385579029751e-07
3.302028560235246619e-07
3.146299968337945016e-07
3.296059518585478584e-07
3.404914955950910674e-07
3.200144317256550825e-07
3.396655656012727194e-07
3.190150547438476175e-07
3.499323271621118703e-07
3.272372226438265059e-07
3.270462815275504525e-07
3.496569996090360007e-07
3.366601787299057695e-07
3.435537086472837119e-07
4.224941902102806132e-07
3.217134103918774325e-07
3.501151400025177132e-07
3.382937769537935421e-07
3.303049477851299647e-07
3.233451309343686182e-07
3.412373914223632010e-07
3.235467211210749150e-07
3.266677493113297523e-07
3.687176205308005860e-07
3.157674177212340244e-07
3.239977175634724352e-07
3.375039180204049934e-07
3.416389303257840291e-07
3.333249540326878424e-07
3.350353923788727299e-07
3.219052145656391309e-07
3.299909883100153717e-07
3.098219301634374067e-07
3.817894358841824306e-07
3.504615096936023496e-07
3.221225268729386357e-07
3.599352479144038793e-07
2.992404267071322558e-07
3.426093673669851262e-07
3.154613080448129933e-07
3.327345815718806306e-07
3.991201035901929100e-07
3.628825149652194460e-07
3.311706197108371323e-07
3.229419280364866434e-07
3.274136863494685576e-07
-6.449002177763204174e-07
3.418256614252290362e-07
3.585850137622982580e-07
3.353235702006032306e-07
3.336083997086060552e-07
3.701676673959073746e-07
3.447933979273022825e-07
3.839825656987043111e-07
3.648639110210709492e-07
3.581359689429655046e-07
3.127950105102907632e-07
3.357618853351086726e-07
3.149355093116004464e-07
2.992188360683253980e-07
3.466471819899896510e-07
3.359474974948820304e-07
3.278426581607731099e-07
3.337397494221640387e-07
3.107773713089011897e-07
3.083691509550212719e-07
3.144177746994716064e-07
3.115783834385396076e-07
3.016152486727625267e-07
3.108165249168360493e-07
3.369803691900401060e-07
3.306512062883057095e-07
3.258745571296606330e-07
4.450718079492364634e-07
3.268620654143735766e-07
3.230624628429144808e-07
3.491329382006602196e-07
4.630200979812678244e-07
3.526046747992400481e-07
4.273590712803971827e-07
3.222299413889129462e-07
3.266194075599185454e-07
3.398142412820244923e-07
3.213229459339105859e-07
3.410372405656985594e-07
3.342325055080477977e-07
3.399065160011884324e-07
3.363512301458137896e-07
3.482396792415166222e-07
3.054387374278294448e-07
3.437421927980929091e-07
4.580369774362425976e-07
3.350200398303781362e-07
4.665717732115134453e-07
3.251261885956843801e-07
3.133559373412936885e-07
3.576823471931319833e-07
3.567984144848931520e-07
3.233707223848018683e-07
3.357043292334524995e-07
3.641999962780296488e-07
3.694930011930377919e-07
3.139363936829731034e-07
3.377748476972463338e-07
3.362570709638382419e-07
3.198350594606212355e-07
3.060431360520063935e-07
3.380573388631101383e-07
3.208613413070985943e-07
3.365761919723723436e-07
3.702401195797905255e-07
3.178806956578915140e-07
4.934730284523272505e-07
3.422869783341491766e-07
3.271946600843434878e-07
3.517067868704452608e-07
3.630138611851756390e-07
3.636776477813184628e-07
4.619072651976386376e-07
3.306941888229655683e-07
3.238156025876273385e-07
3.796862046746198423e-07
3.306425076241402405e-07
3.425239994283451704e-07
3.207439406310984119e-07
3.396618881126828362e-07
3.164911728425243101e-07
3.439266146508716402e-07
-1.028808114919803030e-06
3.251006450929370670e-07
3.275929201735458690e-07
3.344585352514112617e-07
3.352995891871161784e-07
3.407291877486368058e-07
3.559596707441278540e-07
3.296865391103843027e-07
3.484254782497232180e-07
3.890481074699259598e-07
3.157397275569378834e-07
3.320617712126581984e-07
3.149527321580065933e-07
4.023916039039285045e-07
3.248335851356361921e-07
3.255343091698930952e-07
3.385022952022731956e-07
3.360824003797291053e-07
3.094299691894731495e-07
3.161372736183561586e-07
3.121648743358885422e-07
3.183213656517127440e-07
3.406208738088641926e-07
3.773502116918568275e-07
3.260994377596079877e-07
3.228028605808253717e-07
3.647675538432375721e-07
3.437157785082659788e-07
3.211304522867861549e-07
3.099737202974560643e-07
3.528716669294480000e-07
3.504342784476957727e-07
3.376180815025922423e-07
2.861549050683120524e-07
3.846250302844243937e-07
3.824195322274090256e-07
3.706632825607550338e-07
3.175908342702911597e-07
3.327433581966263162e-07
3.587699524837637173e-07
3.564390913711779030e-07
3.408883728165402386e-07
3.438051711151082426e-07
4.407461409633009245e-07
3.388377667493351394e-07
3.279305674406960399e-07
3.530928175012804462e-07
4.023186288067190144e-07
3.339223053915608969e-07
3.627754754879612484e-07
3.365506818764754566e-07
3.304385255873489337e-07
3.236757398630474275e-07
3.613571340616249101e-07
3.529221059090616720e-07
3.163131710168466050e-07
5.061416519764639340e-07
5.025445581610849300e-07
3.879365883033332742e-07
3.561891260902638224e-07
4.440513033395357750e-07
3.398557429203701052e-07
3.138505949563550482e-07
3.070640042827507322e-07
3.127507852277180119e-07
3.225984817238334203e-07
3.732076469207812758e-07
3.366995408315419485e-07
3.255392820792084115e-07
3.088033956369867156e-07
3.349809428640098450e-07
3.531727713415323914e-07
3.339103913995046173e-07
3.173200138682575608e-07
3.192202304681518901e-07
3.366739037702197974e-07
3.960030746194308330e-07
3.157651889959176647e-07
3.406281153231800127e-07
3.038842703096723040e-07
3.030788216278419396e-07
3.236414143403079264e-07
3.171586794312785660e-07
3.420011366401163607e-07
3.383980972562291523e-07
3.243486179782757544e-07
3.292983871113200769e-07
3.477145736459177853e-07
3.467074465489944642e-07
3.118456197970330354e-07
3.096543984034455936e-07
3.440325203128071764e-07
3.370405290748245272e-07
4.618698705843843332e-07
3.358246741826566860e-07
3.169076768016756933e-07
3.222385050421391303e-07
3.321355385253418730e-07
3.209628624191942126e-07
3.386634249013437165e-07
3.386818863066707385e-07
4.764562439494284273e-07
3.395714018563616545e-07
3.302972527920178633e-07
3.628220762565126808e-07
3.250115135471490378e-07
3.303899979163169318e-07
4.396489750007083150e-07
3.409192815163893454e-07
3.429307645271707868e-07
3.491836080878394005e-07
3.271238054131290627e-07
3.565010452039340098e-07
3.477228116351978146e-07
3.259471099649502289e-07
3.430172682277661534e-07
4.717539468389169882e-07
3.515116096166435482e-07
3.194828988055436093e-07
3.771645129272811988e-07
3.466318944382534863e-07
3.951561442504215200e-07
3.319163926827987760e-07
3.227159011635879240e-07
3.164375712868008262e-07
3.358914140640044229e-07
3.543751585983829705e-07
3.354813633388721054e-07
3.264625573556565192e-07
3.387401448249150317e-07
4.033757809050073176e-07
3.215801798820713245e-07
3.027645813202726207e-07
3.421113530882129447e-07
3.694062508958248239e-07
3.196993449475592278e-07
3.095352763133363542e-07
3.485078366115526796e-07
3.973665073868392578e-07
3.345487178668195237e-07
3.324510746551868344e-07
3.543706073438514841e-07
3.187843213558371687e-07
3.202956295762657920e-07
3.157659812290495746e-07
3.118348112420705702e-07
3.017523394765299099e-07
3.336003958458824908e-07
3.252163652560374590e-07
4.611308860202675778e-07
3.792910331168042473e-07
3.514273409158508836e-07
3.446078964526599700e-07
3.659402070255910521e-07
3.328595718387746503e-07
3.202045684920231969e-07
3.998764935760609020e-07
3.383991302249372555e-07
4.114792624964498210e-07
3.192965789339461326e-07
3.855027177655804196e-07
3.420373334183939602e-07
3.653276468408737872e-07
3.441229216921165455e-07
3.590966120625139148e-07
3.586961395712393630e-07
3.118864613365229564e-07
3.562153010250385028e-07
3.296521095828133719e-07
3.959624930831987497e-07
3.254334883135195276e-07
3.427641415299631239e-07
3.272664580662591598e-07
3.302617677649080189e-07
3.254937724009093326e-07
4.476915883558097923e-07
3.312496508153507444e-07
3.348834368267693401e-07
3.319870272476336411e-07
3.204743887922671779e-07
3.233067896315491420e-07
3.468597493519267972e-07
3.308955528179199914e-07
3.384968015967367855e-07
3.443568877502280181e-07
3.292958043369922068e-07
4.644758500396792267e-07
3.318745929834004884e-07
4.670061402111962020e-07
3.107310270151947092e-07
3.249168901830326712e-07
3.570235306778611418e-07
3.348021817178331364e-07
3.434153000490419219e-07
3.352761167715689436e-07
3.449635787184935226e-07
3.407565690538427447e-07
3.581769540646257654e-07
3.766086957228542243e-07
3.181127928272416495e-07
3.767352341447988464e-07
3.391387289932706408e-07
3.058366844612729998e-07
3.250943536728660551e-07
3.163719075846320423e-07
3.823190593997402317e-07
3.243101619167011147e-07
3.217049928287338379e-07
3.165536898604135270e-07
4.307975567588464890e-07
3.270968793726039356e-07
3.459675680581671150e-07
3.419404721102583531e-07
3.360537097864896818e-07
3.194925127340279698e-07
3.157938032724988921e-07
3.199544987102529163e-07
3.515725913185156155e-07
3.439138525760673299e-07
3.575783195274671031e-07
3.482232414130742860e-07
3.769151663055236232e-07
3.336484159638400555e-07
5.402086120033742367e-06
3.255788869023836552e-07
3.266957054619332472e-07
3.420262210513852563e-07
3.551900445177775760e-07
3.823176541608565974e-07
3.258368864577012325e-07
3.330588298075765973e-07
3.350159709775995662e-07
3.477707727459503030e-07
3.285437020962059869e-07
3.466082099944160643e-07
3.465621413360202319e-07
3.314023102790735116e-07
3.401852238788008784e-07
3.209294838509401313e-07
3.025596928282934800e-07
3.309339085820495963e-07
3.284729690053600238e-07
3.335643057810255519e-07
3.317425749891274867e-07
3.411604356780107605e-07
3.227970186120105677e-07
3.568761778451917151e-07
3.367728727973199546e-07
3.292416321421174572e-07
3.337892017542044756e-07
3.281682255232963458e-07
3.466436119965584115e-07
3.475684620675959961e-07
3.070566714921284111e-07
3.232961748744520733e-07
3.280328351007905881e-07
3.179155035684071468e-07
3.096558227224118151e-07
3.315757685687809924e-07
4.718317561528855040e-07
3.350545370827650910e-07
3.661477461186003448e-07
3.432975233455355746e-07
3.851902218040157747e-07
3.136706475178722317e-07
3.196599423213314708e-07
3.419806089553597040e-07
3.209120577457950171e-07
3.655478371044575090e-07
3.561626824655236654e-07
3.317045960653303095e-07
3.846841402612859047e-07
3.353672393690500926e-07
3.269639790996678179e-07
3.258988350889392891e-07
3.481800011515054368e-07
3.794047391938649912e-07
3.256351446725045185e-07
4.043156131417632767e-07
3.145295163313773307e-07
4.500545774134144045e-07
3.416141747877360353e-07
4.214812757373674384e-07
4.076438292618110902e-07
3.275684599614544818e-07
3.199286535696434917e-07
3.226685284962037300e-07
3.181028107823177759e-07
3.630608112409492159e-07
3.544378474622105944e-07
3.440562414837471283e-07
3.173602299818738835e-07
3.290747245468609399e-07
4.324568053116830841e-07
3.184939772081610093e-07
3.391845976133165956e-07
3.286777283431212077e-07
3.327966537200071193e-07
3.279995114370935633e-07
3.376233549785814707e-07
3.207543083301375171e-07
3.245386830110915326e-07
3.642559163068460123e-07
4.171989392293746886e-07
3.292411564035324385e-07
5.195212248659512981e-07
3.334051800505686655e-07
3.545886939728415046e-07
3.351846786126435683e-07
4.083448383409917371e-07
4.245445905357103707e-07
3.774859183140792773e-07
3.313349998696297928e-07
3.303293123615140454e-07
3.499359942346333102e-07
4.117002998112304395e-07
3.283588680355249125e-07
3.591507599837605129e-07
3.153269653993376607e-07
3.077857552493062399e-07
3.362946083948014633e-07
3.346755256768055260e-07
3.765164300318891025e-07
3.624738211357178454e-07
2.992764125751981293e-07
3.359603582560528458e-07
3.281979675651239955e-07
3.437942780736126065e-07
3.368676382360629271e-07
3.403025908816108124e-07
3.408685256673726044e-07
3.292281373030487569e-07
3.320170021737778172e-07
3.838861021794666144e-07
3.433033182337405177e-07
3.541522804963651092e-07
3.212095207947039481e-07
3.479313550374801602e-07
4.237158714609537309e-07
3.328887625245563546e-07
3.438204473988897297e-07
3.182790424777748971e-07
3.305330116565619713e-07
3.295088327484081784e-07
3.269745529087846840e-07
3.461695579767197536e-06
4.769712852588783271e-07
3.303002753870611066e-07
3.092681364795816678e-07
3.086435888342632723e-07
3.564854417925176062e-07
3.143732122100736803e-07
3.107860819817269259e-07
3.371910384304359094e-07
3.281397408150153487e-07
3.212487770986835787e-07
3.244939164274391165e-07
3.218900916637504676e-07
3.602369896485062500e-07
3.213153182258875184e-07
3.842905681949150970e-07
3.245855687642784505e-07
3.278712493633409914e-07
3.018926305545467762e-07
3.855081921722545476e-07
3.201408438272910915e-07
3.198043354341901943e-07
3.259037359654537875e-07
4.384413089660302045e-07
3.175167274280896964e-07
3.285682994231667090e-07
3.475485187914091234e-07
3.404610852139559542e-07
6.128599341102208195e-07
3.524391555970855451e-07
3.439538081033569743e-07
2.962071621124864043e-07
3.148261473597729762e-07
3.400303015166428110e-07
3.319278777909446588e-07
3.060112263350030913e-07
3.560309814497943514e-07
3.363376321668118552e-07
3.186436123300544610e-07
3.564760950089127941e-07
3.240154131931865589e-07
3.253703565453847969e-07
3.215204997731570564e-07
3.592674014043186397e-07
3.331545269973853144e-07
3.417367514093751078e-07
3.148572168021041105e-07
4.015842016577741480e-07
3.068101315504729791e-07
3.484906138557766228e-07
3.297384915051945558e-07
3.133556892784119216e-07
3.506951631964707880e-07
3.208997198335674077e-07
3.280782779462089715e-07
4.333129497398716433e-07
3.428207224712238248e-07
3.410348165946708399e-07
3.591146248411888261e-07
3.429970381315614118e-07
3.240917896486869115e-07
4.129831051335464140e-07
3.447493387236340053e-07
3.154663823647820014e-07
3.214886816661075388e-07
3.530338277923395975e-07
3.413632821517180812e-07
3.342760814303879996e-07
3.279370632241901366e-07
3.359806367259272990e-07
3.576124476075774410e-07
3.308284402411466380e-07
3.341024418703296566e-07
3.701860621448571561e-07
4.549656674678101645e-07
3.616719155015950115e-07
3.201467237057485290e-07
3.288033370251627692e-07
3.237617454125883315e-07
4.105472773422660582e-07
3.562940528385424518e-07
3.489826491420414625e-07
3.226773687803251418e-07
3.167881713541487658e-07
3.209763398932117680e-07
3.162276563168172030e-07
3.386820992636898301e-07
3.345730224508550589e-07
3.137743478800257036e-07
3.235939598880788561e-07
3.757127287065406381e-07
3.455232101268388268e-07
3.229731826108958198e-07
3.106934521876358635e-07
3.486760816317455420e-07
3.174986189514191109e-07
3.577902431546580098e-07
3.250969266621162702e-07
3.114078290038312029e-07
3.128115475314091019e-07
3.508457782639629743e-07
3.517674319216653686e-07
3.360604335574015605e-07
3.046945829786995689e-07
3.265880134671391536e-07
3.378458985829159185e-07
3.283729339176723387e-07
3.454115754588388226e-07
3.435005801441450081e-07
3.334386284152903537e-07
3.325331024202462944e-07
3.346768740176571621e-07
3.533399983165240418e-07
