1.588690046551491974e+01
1.544810216231760158e+01
1.294985453589687552e+01
1.688333299102980334e+01
1.415630999740006501e+01
1.507271263722110533e+01
1.290359720839053281e+01
1.388738828975163742e+01
1.175825775303309939e+01
1.489980851170363785e+01
2.123016109936311580e+01
1.377951698559528104e+01
1.548715677457283135e+01
1.222368905159973451e+01
1.592982787170199366e+01
1.799850800844433252e+01
1.329724758367221860e+01
1.316365797431475393e+01
1.429520580230755655e+01
1.659260286346709634e+01
1.606611722397065023e+01
1.262123614387182968e+01
1.289923187302452945e+01
1.427952410529742089e+01
1.443328907330515420e+01
1.333740498071975189e+01
1.449993059359560021e+01
1.549308905113146473e+01
1.229871023203618385e+01
1.378895181899153144e+01
1.511233057081930653e+01
1.394773273302867089e+01
1.377771043513437554e+01
1.461466656968469380e+01
1.718283491726353418e+01
1.587344080356838738e+01
1.141772878520441203e+01
1.491191034989010333e+01
1.506818776165859397e+01
1.969527552623912925e+01
1.600746333515153808e+01
1.669157912815361300e+01
1.136815657500073407e+01
1.415458983633607382e+01
2.218500216789803048e+01
1.609419552871453618e+01
1.398166002198766122e+01
1.607660216243239759e+01
1.336669639404371779e+01
1.458793053451499233e+01
1.553778887324513391e+01
1.655828258596961433e+01
1.410195007987486626e+01
1.546623709252712686e+01
1.341863280988416562e+01
1.378572009949248312e+01
1.421935677836286160e+01
1.311167164259059525e+01
1.027438483825715565e+01
1.813296642057876085e+01
1.378387616213014510e+01
1.977321301354499283e+01
1.373097511659146797e+01
1.740444696801858626e+01
1.549878120672387993e+01
1.301518179841028022e+01
1.600253440712740627e+01
1.301742287701421574e+01
1.494777737048403310e+01
