6.449454160403981895e+00
9.132958346073255740e+00
1.277961674871631814e+01
1.767022254372342260e+01
2.414260032888838126e+01
3.259446874908081782e+01
4.348321085172156586e+01
5.732144637166169332e+01
7.466731102765719186e+01
9.610848229212916749e+01
1.222392743359486360e+02
1.536305705577852621e+02
1.907929663321182545e+02
2.341342310406612910e+02
2.839130157531959640e+02
3.401915552858026786e+02
4.027908450603788424e+02
4.712523074098089069e+02
5.448101934954360104e+02
6.223788074556543961e+02
7.025580331394313589e+02
7.836595818481572451e+02
8.637549090771161673e+02
9.407439751024988936e+02
1.012442106908547544e+03
1.076680354011660938e+03
1.131413130824798827e+03
1.174825804916328480e+03
1.205434386329597828e+03
1.222169696512250312e+03
1.224439363335080998e+03
1.212162629802743140e+03
1.185775124143836365e+03
1.146203198377893159e+03
1.094809943312034648e+03
1.033317267018801886e+03
9.637102463882611119e+02
8.881311503741818569e+02
8.087709907661521811e+02
7.277661713972469215e+02
6.471068541942372576e+02
5.685621853628415465e+02
4.936257196559265594e+02
4.234824573118791591e+02
3.589970711286981668e+02
3.007213225701157739e+02
2.489174690136138963e+02
2.035937147459948164e+02
1.645474638654957573e+02
1.314122514002956734e+02
1.037046798419176667e+02
8.086837022685558907e+01
6.231274205412028522e+01
4.744526438513231881e+01
3.569658874283717154e+01
2.653862372777524570e+01
1.949610766199677414e+01
1.415256858993576294e+01
1.015173935209504918e+01
7.195541549508910784e+00
5.039696095370427287e+00
3.487892151746593061e+00
2.385281190846033184e+00
1.611884635994439652e+00
1.076331781911313401e+00
7.101927087225862190e-01
4.630459505892159933e-01
2.983251092144182937e-01
1.899211635751906768e-01
1.194743710247961749e-01
7.426667486056008627e-02
4.561745401513117582e-02
2.768764019130620993e-02
1.660575700547826938e-02
9.841227032958133752e-03
5.763119961390133876e-03
3.334908362881921703e-03
1.906900296719877836e-03
1.077432084768043408e-03
6.015471291730049939e-04
3.318694298109201349e-04
1.809183741377007651e-04
9.745765103699103975e-05
5.187606663542876530e-05
2.728575502260995121e-05
1.418151890315895012e-05
7.283285882242517851e-06
3.696151827157558852e-06
1.853489304017624081e-06
9.184345277143922031e-07
4.497013141953873254e-07
2.175794865666013373e-07
1.040230479649812822e-07
4.914270278593686743e-08
2.294068271884271430e-08
1.058209058376876174e-08
4.823412978039984819e-09
2.172477347372510323e-09
9.668829506191564596e-10
4.252167699356106482e-10
1.847841439898732625e-10
7.934815939802540990e-11
3.366873877724644632e-11
1.411674843623664268e-11
5.848713384824546875e-12
2.394439341732289461e-12
9.686461934168549686e-13
3.872080245149421207e-13
1.529471392923721583e-13
5.969750823330909118e-14
2.302442993269061375e-14
8.774844008037122062e-15
3.304515243118783649e-15
1.229685213293215165e-15
4.521660784230877827e-16
1.642932960017268624e-16
5.898743920685729633e-17
2.092748693746382900e-17
7.336559645530288207e-18
2.541473947805112093e-18
8.699548388670194012e-19
2.942561784170805332e-19
9.834953457861050934e-20
3.248155888164849918e-20
1.060032682624454446e-20
3.418373265830547425e-21
1.089275028287848384e-21
3.429836739505435504e-22
1.067154217356112291e-22
3.280943551024663110e-23
9.967544152072863229e-24
2.992233040715298927e-24
8.876065464253055166e-25
2.601737133558335736e-25
7.535709892169930937e-26
2.156764678145042476e-26
6.099569587614641972e-27
1.704564560263780948e-27
4.707014709778424736e-28
1.284385791828254545e-28
3.463085916375271097e-29
9.226752604270120501e-30
2.429138752167018740e-30
6.319367394345995829e-31
1.624473847810977103e-31
4.126384367623718078e-32
1.035725028840849780e-32
2.568840262681392577e-33
6.295751303837051413e-34
1.524670035148076470e-34
3.648564283140141417e-35
8.627520027166611138e-36
2.015894436092792542e-36
4.654439961964574967e-37
1.061903165770807189e-37
2.393978439500224805e-38
5.333022185882534776e-39
1.173935895842608447e-39
2.553484410665669082e-40
5.488325690454150275e-41
1.165639824090223623e-41
2.446283095420803051e-42
5.073023663511981352e-43
1.039548840659880226e-43
2.104944963255404092e-44
4.211670900643681688e-45
8.326949820940186460e-46
1.626804268931869606e-46
3.140526740109273265e-47
5.990837286536801044e-48
1.129250753709364285e-48
2.103347794467005906e-49
3.871235825080043769e-50
7.040540519225751272e-51
1.265261265238666182e-51
2.246840582915694549e-52
3.942594782440905796e-53
6.836122909185403549e-54
1.171265681431333896e-54
1.982982177256088571e-55
3.317416799558018763e-56
5.484020944386928576e-57
8.958102064564919372e-58
1.445941571925755250e-58
2.306233723815018372e-59
3.634743170154915605e-60
5.660593602694251957e-61
8.711000920860268814e-62
1.324622047912104861e-62
1.990369626650700444e-63
2.955243890950389693e-64
4.335815136680676034e-65
6.285879082809449030e-66
9.004904767697470091e-67
1.274706094893812022e-67
1.783030765560930865e-68
2.464480849077087104e-69
3.365967318650558195e-70
4.542680352314520595e-71
6.058042259919494701e-72
7.983075836909369561e-73
1.039503719715079509e-73
1.337518127857320668e-74
1.700556800413618179e-75
2.136487933397139233e-76
2.652330153140044401e-77
3.253662915015878782e-78
3.943986033506328421e-79
4.724066644599506475e-80
5.591321947547301121e-81
6.539293345811966188e-82
7.557270657008290084e-83
8.630122678709967150e-84
9.738381829438997092e-85
1.085861573049892326e-85
1.196409813063464755e-86
1.302576698708445892e-87
1.401343101232569071e-88
1.489716030347673787e-89
1.564877472846507429e-90
1.624332832398804375e-91
1.666048128668381368e-92
1.688565453989865296e-93
1.691087553184923851e-94
1.673524684437168209e-95
1.636499920267606842e-96
1.581312451968901556e-97
1.509861911223148838e-98
1.424539856021401876e-99
1.328097061970122262e-100
1.223496873122491848e-101
1.113765466432782009e-102
1.001849460262258615e-103
8.904899563493348237e-105
7.821200490766501256e-106
6.787903328385236067e-107
5.821242812028599708e-108
4.933028416085277602e-109
4.130754227838868752e-110
3.417928168310875365e-111
2.794565819776224684e-112
2.257790237855786002e-113
1.802480916194011865e-114
1.421921418538870416e-115
1.108404686151284914e-116
8.537661791159182137e-118
6.498264382627967235e-119
4.887352267779811486e-120
3.632183202702939029e-121
2.667348026914435728e-122
1.935572575761600039e-123
1.387896472584733673e-124
9.833826013144969913e-126
6.885029489947858513e-127
4.763288931415132491e-128
3.256311050835521972e-129
2.199696059394944104e-130
1.468308479681632267e-131
9.684780305205755943e-133
6.312190194629888505e-134
4.065258958356847034e-135
2.587105809185536626e-136
1.626889301255639046e-137
1.010926663980800784e-138
6.207248558832823433e-140
3.766139976798549592e-141
2.257935932939167523e-142
1.337656514480745089e-143
7.830607197468507372e-145
4.529644367416883553e-146
2.589110637104056270e-147
1.462362185791294463e-148
8.161634166300548913e-150
4.501084192251275326e-151
2.452872561027744181e-152
1.320841391322836652e-153
7.028201290012684625e-155
3.695349751395042770e-156
1.919927119470066984e-157
9.856705337221846473e-159
5.000306670002146335e-160
2.506567150559694119e-161
1.241594795425737785e-162
6.077126259680860789e-164
2.939236091795569738e-165
1.404715972364715591e-166
6.633769935563867509e-168
3.095637701852470009e-169
1.427439417406914093e-170
6.504038143084453767e-172
2.928372435354856512e-173
1.302828880594950713e-174
5.727515599512291993e-176
2.488072439365554426e-177
1.068015601151506078e-178
4.530123160365159944e-180
1.898717085105397931e-181
7.863725473301511600e-183
3.218209150645184172e-184
1.301421638778716109e-185
5.200434346900327335e-187
2.053425963096099963e-188
8.011914685932049072e-190
3.088953849250122961e-191
1.176804606568719598e-192
4.430116387976951004e-194
1.647948930625196496e-195
6.057455022088880987e-197
2.200161108983063299e-198
7.896535743789758932e-200
2.800506363605085363e-201
9.814187672219301039e-203
3.398521248553792661e-204
1.162902909379170573e-205
3.932011332755106390e-207
1.313723295527286379e-208
4.337214266834715174e-210
1.414932397385213470e-211
4.561191853620878630e-213
1.452910377409456628e-214
4.573167914835499093e-216
1.422372366466511189e-217
4.371467975753188802e-219
1.327575204781505994e-220
3.983903407421003805e-222
1.181343793936959423e-223
3.461478548295885768e-225
1.002224052681423491e-226
2.867383847553815586e-228
8.106337551568424286e-230
2.264547162473833357e-231
6.251092022759518160e-233
1.705093704511954732e-234
4.595771694537407601e-236
1.224014259932244582e-237
3.221308698035823803e-239
8.377145323218725289e-241
2.152670652332711269e-242
5.466092377390777355e-244
1.371494847556531098e-245
3.400393913273299960e-247
8.330711912564123972e-249
2.016753590134015702e-250
4.824378769461232211e-252
1.140375275684942018e-253
2.663618511680776870e-255
6.147720188742742395e-257
1.402083882404236605e-258
3.159742834905165647e-260
7.036348071993097960e-262
1.548320016779793334e-263
3.366603560061869992e-265
7.233376396169047616e-267
1.535705668566039628e-268
3.221756744849840130e-270
6.678752378408752209e-272
1.368093481640995823e-273
2.769198207955647245e-275
5.538729383402062388e-277
1.094672196118674995e-278
2.137843279152190167e-280
4.125584422209393127e-282
7.867068445650782306e-284
1.482375454288436430e-285
2.760077889493567139e-287
5.078112258456101465e-289
9.232112604310539175e-291
1.658508589012425555e-292
2.944097533138914179e-294
5.164217180219738301e-296
8.951063525540042560e-298
1.533072229797967212e-299
2.594588153263474130e-301
4.339024287711626526e-303
7.170237941405815686e-305
1.170827436425734770e-306
1.889165693294179994e-308
3.012069899912225466e-310
4.745455205865081088e-312
7.387687835815172882e-314
1.136465376453848675e-315
1.727759915147985196e-317
2.603133074808359792e-319
6.052304161555270166e-321
0.000000000000000000e+00
0.000000000000000000e+00
0.000000000000000000e+00
0.000000000000000000e+00
0.000000000000000000e+00
0.000000000000000000e+00
0.000000000000000000e+00
0.000000000000000000e+00
0.000000000000000000e+00
0.000000000000000000e+00
0.000000000000000000e+00
0.000000000000000000e+00
0.000000000000000000e+00
0.000000000000000000e+00
0.000000000000000000e+00
0.000000000000000000e+00
0.000000000000000000e+00
0.000000000000000000e+00
0.000000000000000000e+00
0.000000000000000000e+00
0.000000000000000000e+00
0.000000000000000000e+00
0.000000000000000000e+00
0.000000000000000000e+00
0.000000000000000000e+00
0.000000000000000000e+00
0.000000000000000000e+00
0.000000000000000000e+00
0.000000000000000000e+00
0.000000000000000000e+00
0.000000000000000000e+00
0.000000000000000000e+00
0.000000000000000000e+00
0.000000000000000000e+00
0.000000000000000000e+00
0.000000000000000000e+00
0.000000000000000000e+00
0.000000000000000000e+00
0.000000000000000000e+00
0.000000000000000000e+00
0.000000000000000000e+00
0.000000000000000000e+00
0.000000000000000000e+00
0.000000000000000000e+00
0.000000000000000000e+00
0.000000000000000000e+00
0.000000000000000000e+00
0.000000000000000000e+00
0.000000000000000000e+00
0.000000000000000000e+00
0.000000000000000000e+00
0.000000000000000000e+00
0.000000000000000000e+00
0.000000000000000000e+00
0.000000000000000000e+00
0.000000000000000000e+00
0.000000000000000000e+00
0.000000000000000000e+00
0.000000000000000000e+00
0.000000000000000000e+00
0.000000000000000000e+00
0.000000000000000000e+00
0.000000000000000000e+00
0.000000000000000000e+00
0.000000000000000000e+00
0.000000000000000000e+00
0.000000000000000000e+00
0.000000000000000000e+00
0.000000000000000000e+00
0.000000000000000000e+00
0.000000000000000000e+00
0.000000000000000000e+00
0.000000000000000000e+00
0.000000000000000000e+00
0.000000000000000000e+00
0.000000000000000000e+00
0.000000000000000000e+00
0.000000000000000000e+00
0.000000000000000000e+00
0.000000000000000000e+00
0.000000000000000000e+00
0.000000000000000000e+00
0.000000000000000000e+00
0.000000000000000000e+00
0.000000000000000000e+00
0.000000000000000000e+00
0.000000000000000000e+00
0.000000000000000000e+00
0.000000000000000000e+00
0.000000000000000000e+00
0.000000000000000000e+00
0.000000000000000000e+00
0.000000000000000000e+00
0.000000000000000000e+00
0.000000000000000000e+00
0.000000000000000000e+00
0.000000000000000000e+00
0.000000000000000000e+00
0.000000000000000000e+00
0.000000000000000000e+00
0.000000000000000000e+00
0.000000000000000000e+00
0.000000000000000000e+00
0.000000000000000000e+00
0.000000000000000000e+00
0.000000000000000000e+00
0.000000000000000000e+00
0.000000000000000000e+00
0.000000000000000000e+00
0.000000000000000000e+00
0.000000000000000000e+00
0.000000000000000000e+00
0.000000000000000000e+00
0.000000000000000000e+00
0.000000000000000000e+00
0.000000000000000000e+00
