5.925418042280422542e-10
2.396872932833999195e-09
9.376597599724953476e-09
3.547478710398969887e-08
1.297981698494735796e-07
4.592948671873995329e-07
1.571769535717246383e-06
5.201880770769512946e-06
1.664969079180750040e-05
5.153783882821189928e-05
1.542838563084448199e-04
4.466722988613964682e-04
1.250638534593189691e-03
3.386482565507095265e-03
8.868295056111389837e-03
2.245978920443917129e-02
5.501048445322151426e-02
1.303045303317168502e-01
2.985023899750369747e-01
6.613180279897828973e-01
1.416925979695095483e+00
2.936014637197603694e+00
5.883605176172270745e+00
1.140257869572866767e+01
2.137159261062599924e+01
3.873869153616343652e+01
6.790898824807652545e+01
1.151287593110984631e+02
1.887620306687535106e+02
2.993089537899663242e+02
4.589855667298184017e+02
6.806950631335998878e+02
9.762935600907355820e+02
1.354199035813945557e+03
1.816597983542688780e+03
2.356727704498031926e+03
2.956883667764411712e+03
3.587842100347522319e+03
4.210238096826989022e+03
4.778089095278906825e+03
5.244161797052704969e+03
5.566371311572966988e+03
5.714029992982961630e+03
5.672664648698380915e+03
5.446355133680788640e+03
5.057071041477404833e+03
4.541155826895218524e+03
3.943737559871463873e+03
3.312255733161794069e+03
2.690382108569932370e+03
2.113383555419572986e+03
1.605524485390530799e+03
1.179586502869198966e+03
8.381406563370353524e+02
5.759413670911320651e+02
3.827488459563189735e+02
2.459935719812526713e+02
1.529001387486492263e+02
9.191073775265121526e+01
5.343168579872547497e+01
3.004040289305462252e+01
1.633378675037134542e+01
8.588993249074254877e+00
4.367892018951716970e+00
2.148205268132386436e+00
1.021771801618640785e+00
4.700091369766970506e-01
2.090898447853735964e-01
8.995676553076446813e-02
3.742906470640674360e-02
1.506115819191870646e-02
5.861138947178857160e-03
2.205870008820603502e-03
8.028826384534729120e-04
2.826171220073502217e-04
9.620975839932100469e-05
3.167481087670853419e-05
1.008516919955839058e-05
3.105464714500830957e-06
9.247924192106285577e-07
2.663398648300213735e-07
7.418264955773243794e-08
1.998217501886815130e-08
5.205439797697635105e-09
1.311433730204893423e-09
3.195284428034710825e-10
7.529167312943990628e-11
1.715768242907564271e-11
3.781329772925599727e-12
8.059437561563243648e-13
1.661265965694140911e-13
3.311676089133106984e-14
6.384557298011721297e-15
1.190386456941992187e-15
2.146443283996407978e-16
3.743045527959120984e-17
6.312553234871101456e-18
1.029577989343707560e-18
1.624006253634300889e-19
2.477367277620123176e-20
3.654831408269117003e-21
5.214570600924640107e-22
7.195218835159976000e-23
9.601602317484352436e-24
1.239132287328619911e-24
1.546556833229640614e-25
1.866759400410458762e-26
2.179139643856549931e-27
2.460118507398547435e-28
2.685970550145692686e-29
2.836094625824693907e-30
2.896105904808409506e-31
2.860107870963299345e-32
2.731647393923769451e-33
2.523138653776476531e-34
2.253885484440925792e-35
1.947138429111962654e-36
1.626807109266805911e-37
1.314466574606478293e-38
1.027158073751175333e-39
7.762458176821755963e-41
5.673296928597478150e-42
4.010015091573656692e-43
2.741137063135446283e-44
1.812131661476515221e-45
1.158571915932176771e-46
7.163586300427320419e-48
4.283632939673704877e-49
2.477240967707716071e-50
1.385474412912693928e-51
7.493815863082333416e-53
3.919961279903147655e-54
1.983055133927990770e-55
9.702017471283977318e-57
4.590537798787434306e-58
2.100580526461827993e-59
9.295855285576599541e-61
3.978447442718242947e-62
1.646691137338790038e-63
6.591510115149506131e-65
2.551713724684780088e-66
9.553295865890509663e-68
3.458985635566011517e-69
1.211207470414654178e-70
4.101687554366376378e-72
1.343324269182176448e-73
4.254743651411106177e-75
1.303287376491540395e-76
3.860834900437596713e-78
1.106105429154918086e-79
3.064686600032070986e-81
8.212017510944637898e-83
2.128079832396586792e-84
5.333351620392820829e-86
1.292667321459192338e-87
3.030034510038108723e-89
6.868827843028723274e-91
1.505885460544950764e-92
3.192827832597137995e-94
6.546863905073105868e-96
1.298271062850150105e-97
2.489841453909515681e-99
4.617982271425505006e-101
8.283370389191023922e-103
1.436931789712557277e-104
2.410679510069716903e-106
3.911263291929065775e-108
6.137180259320996505e-110
9.313114848972824953e-112
1.366769534762879812e-113
1.939857699136912408e-115
2.662678354005589624e-117
3.534612382208489244e-119
4.537735034649813363e-121
5.633920620798450495e-123
6.764824997451643378e-125
7.855551142673276586e-127
8.822080301593610145e-129
9.581634595189151815e-131
1.006427406001198631e-132
1.022349894074955490e-134
1.004363473542345634e-136
9.542375789516517936e-139
8.767915849611587388e-141
7.791309963286932914e-143
6.695744041584025794e-145
5.564952433983614572e-147
4.472994060981903569e-149
3.477038010596858887e-151
2.613935139513419329e-153
1.900441159167107906e-155
1.336251790450294460e-157
9.086495680601613072e-160
5.975562603721067446e-162
3.800453549505829733e-164
2.337579063097769611e-166
1.390501432582318324e-168
7.999278630463954871e-171
4.450455470251081375e-173
2.394596522563985103e-175
