1.106777020330394594e-02
1.224658566052159309e-02
1.354322825136761166e-02
1.496861621377361048e-02
1.653458850936543809e-02
1.825397331109819901e-02
2.014066071049338408e-02
2.220967982432261664e-02
2.447728048088271269e-02
2.696101966547240908e-02
2.967985290323169045e-02
3.265423075505118067e-02
3.590620059871920539e-02
3.945951386274411388e-02
4.333973887428398813e-02
4.757437947524333077e-02
5.219299955173734018e-02
5.722735361171189111e-02
6.271152353341799546e-02
6.868206159358036800e-02
7.517813986838432772e-02
8.224170608272617089e-02
8.991764596343225502e-02
9.825395213027884878e-02
1.073018995345416671e-01
1.171162274283725907e-01
1.277553278195099062e-01
1.392814403345713492e-01
1.517608533804039594e-01
1.652641114566424652e-01
1.798662284337100015e-01
1.956469065689205589e-01
2.126907609891715845e-01
2.310875493218745580e-01
2.509324061063175626e-01
2.723260815656212697e-01
2.953751842648736914e-01
3.201924271239785513e-01
3.468968761943691526e-01
3.756142015470540496e-01
4.064769295556744377e-01
4.396246957925494803e-01
4.752044976881402705e-01
5.133709460353204079e-01
5.542865143494798419e-01
5.981217850240488909e-01
6.450556911488550815e-01
6.952757527861606057e-01
7.489783064265366219e-01
8.063687262743528539e-01
8.676616359410725954e-01
9.330811090540226393e-01
1.002860857219421753e+00
1.077244403711794085e+00
1.156485241197646285e+00
1.240846971740449112e+00
1.330603427276679795e+00
1.426038768699810388e+00
1.527447561641093188e+00
1.635134826993594137e+00
1.749416064189566855e+00
1.870617245211713797e+00
1.999074777296953043e+00
2.135135432277039946e+00
2.279156240495339159e+00
2.431504347243032438e+00
2.592556829671959218e+00
2.762700472166092158e+00
2.942331498189300731e+00
3.131855256674656918e+00
3.331685861080165179e+00
3.542245779308515807e+00
3.763965372774025653e+00
3.997282382999201911e+00
4.242641364236820145e+00
4.500493060740657469e+00
4.771293727450023781e+00
5.055504393009854880e+00
5.353590064219162059e+00
5.666018871186547123e+00
5.993261152671961689e+00
6.335788481308647135e+00
6.694072628627959709e+00
7.068584470052623914e+00
7.459792830279663001e+00
7.868163269742573185e+00
8.294156813123127137e+00
8.738228621174350508e+00
9.200826607418170155e+00
9.682390001592199980e+00
1.018334786203919862e+01
1.070411753955830392e+01
1.124510309556883314e+01
1.180669367777238676e+01
1.238926185683678938e+01
1.299316192796407066e+01
1.361872818154216880e+01
1.426627314741453567e+01
1.493608581763259835e+01
1.562842985287898578e+01
1.634354177806417141e+01
1.708162917290430016e+01
1.784286886357770285e+01
1.862740512183534491e+01
1.943534787819930898e+01
2.026677095612296853e+01
2.112171033420571220e+01
2.200016244375084540e+01
2.290208250912370858e+01
2.382738293851073763e+01
2.477593177279264225e+01
2.574755120032649103e+01
2.674201614548066530e+01
2.775905293878061286e+01
2.879833807650226163e+01
2.985949707749064075e+01
3.094210344488376663e+01
3.204567774028598137e+01
3.316968677775715690e+01
3.431354294476734168e+01
3.547660365700711793e+01
3.665817095364494094e+01
3.785749123928130899e+01
3.907375517846767821e+01
4.030609774823719960e+01
4.155359845363258842e+01
4.281528171071688860e+01
4.409011740101804833e+01
4.537702160078584512e+01
4.667485748783525423e+01
4.798243642811545584e+01
4.929851924347823910e+01
5.062181766142869321e+01
5.195099594692796074e+01
5.328467271558229612e+01
5.462142292680139377e+01
5.595978005474422190e+01
5.729823843409524642e+01
5.863525577693174284e+01
5.996925585616076404e+01
6.129863135022095122e+01
6.262174684296816451e+01
6.393694197189870465e+01
6.524253471711023167e+01
6.653682482266792420e+01
6.781809734133082657e+01
6.908462629291042845e+01
7.033467842587845098e+01
7.156651707122232153e+01
7.277840607696734310e+01
7.396861381124627144e+01
7.513541722130500489e+01
7.627710593539224249e+01
7.739198639408999725e+01
7.847838599730768294e+01
7.953465725288722865e+01
8.055918191254986027e+01
8.155037508076151198e+01
8.250668928200579444e+01
8.342661847192771063e+01
8.430870197785462494e+01
8.515152835431054257e+01
8.595373913931572929e+01
8.671403249750768794e+01
8.743116673643015702e+01
8.810396368271253209e+01
8.873131190530190793e+01
8.931216977341436802e+01
8.984556833743400261e+01
9.033061402161176545e+01
9.076649111809207682e+01
9.115246407252581662e+01
9.148787955230636726e+01
9.177216828928902714e+01
9.200484668971934354e+01
9.218551820499760652e+01
9.231387445784059764e+01
9.238969611936440174e+01
9.241285353359624821e+01
9.238330708692646454e+01
9.230110732102691884e+01
9.216639478878549596e+01
9.197939965383132233e+01
9.174044103524796867e+01
9.144992610008596046e+01
9.110834890728698099e+01
9.071628900761412240e+01
9.027440980514157332e+01
8.978345668678809943e+01
8.924425492727520748e+01
8.865770737775231680e+01
8.802479194714867106e+01
8.734655888608502039e+01
8.662412788390129492e+01
8.585868499002792475e+01
8.505147937154205806e+01
8.420381991930796062e+01
8.331707171559519054e+01
8.239265237650147355e+01
8.143202828287471107e+01
8.043671071373125869e+01
7.940825189640345627e+01
7.834824098781706425e+01
7.725830000140122422e+01
7.614007969416753951e+01
7.499525542846289738e+01
7.382552302280309675e+01
7.263259460603423179e+01
7.141819448884388066e+01
7.018405506636193536e+01
6.893191276524972011e+01
6.766350404827875309e+01
6.638056148895351782e+01
6.508480992823436395e+01
6.377796272487396578e+01
6.246171811029530119e+01
6.113775565831699055e+01
5.980773287937196869e+01
5.847328194818096847e+01
5.713600657312365172e+01
5.579747901481820804e+01
5.445923726066344273e+01
5.312278236132972609e+01
5.178957593440976126e+01
5.046103783965601508e+01
4.913854402944780730e+01
4.782342457735199304e+01
4.651696188686553057e+01
4.522038908166407367e+01
4.393488857793338553e+01
4.266159083862591928e+01
4.140157330877377717e+01
4.015585953030353039e+01
3.892541843413364688e+01
3.771116380670698476e+01
3.651395392750732327e+01
3.533459137354277857e+01
3.417382298624801962e+01
3.303233999576161750e+01
3.191077829707804980e+01
3.080971887215878624e+01
2.972968835170836499e+01
2.867115970998569097e+01
2.763455308572727986e+01
2.662023672200407631e+01
2.562852801762102573e+01
2.465969468249797103e+01
2.371395598933702686e+01
2.279148411378940864e+01
2.189240555528127885e+01
2.101680263063989429e+01
2.016471503268003929e+01
1.933614144596469231e+01
1.853104121203840648e+01
1.774933603654866587e+01
1.699091173081708206e+01
1.625561998059443169e+01
1.554328013493180372e+01
1.485368100832227078e+01
1.418658268950944645e+01
1.354171835062033047e+01
1.291879605055940061e+01
1.231750052689268493e+01
1.173749497075640136e+01
1.117842277964133579e+01
1.063990928322788321e+01
1.012156343777736822e+01
9.622979484921344806e+00
9.143738571027570927e+00
8.683410323659835228e+00
8.241554381987105771e+00
7.817721878331518326e+00
7.411456868375635665e+00
7.022297707874917805e+00
6.649778374038930018e+00
6.293429730054711513e+00
5.952780731526949864e+00
5.627359573899100909e+00
5.316694780198932158e+00
5.020316228719133633e+00
4.737756120497592427e+00
4.468549886702880336e+00
4.212237036258100531e+00
3.968361944248848250e+00
3.736474581859836608e+00
3.516131188769086258e+00
3.306894889097474977e+00
3.108336252166715052e+00
2.920033799458627843e+00
2.741574459294406019e+00
2.572553970864246864e+00
2.412577239335208734e+00
2.261258643849204830e+00
2.118222300294227090e+00
1.983102280789902139e+00
1.855542791874594366e+00
1.735198313415835525e+00
1.621733700288954028e+00
1.514824248881611934e+00
1.414155730485015194e+00
1.319424393625958425e+00
1.230336937378933682e+00
1.146610457674589245e+00
1.067972368590340393e+00
9.941603005718367969e-01
9.249219774909642755e-01
8.600150743972886369e-01
7.992070577664222020e-01
7.422750099911866739e-01
6.890054397999659797e-01
6.391940802221974804e-01
5.926456756540078308e-01
5.491737595077956779e-01
5.086004238589690862e-01
4.707560824313277714e-01
4.354792281901035400e-01
4.026161867390078974e-01
3.720208666451126911e-01
3.435545077432488048e-01
3.170854284003045143e-01
2.924887726496109286e-01
2.696462580366816852e-01
2.484459249502754263e-01
2.287818881472725163e-01
2.105540911162868400e-01
1.936680638635415175e-01
1.780346846454437526e-01
1.635699461155045442e-01
1.501947262990065979e-01
1.378345647570913268e-01
1.264194442527977746e-01
1.158835781850661856e-01
1.061652040128674424e-01
9.720638285037005999e-02
8.895280537544410226e-02
8.135360415780601429e-02
7.436117247962217847e-02
6.793098969045840985e-02
6.202145310993543298e-02
5.659371646532201233e-02
5.161153482746767829e-02
4.704111598686019913e-02
4.285097819211079739e-02
3.901181415573995448e-02
3.549636121664198618e-02
3.227927753497177726e-02
2.933702418332046966e-02
2.664775298781871943e-02
2.419119996413955295e-02
2.194858418617169973e-02
1.990251191928165547e-02
1.803688584550990764e-02
1.633681920463899567e-02
1.478855467274509811e-02
1.337938779851026785e-02
1.209759481714590273e-02
1.093236466216981721e-02
9.873734996416331719e-03
8.912532085463428788e-03
8.040314339057060000e-03
7.249319349035902339e-03
6.532414255644876204e-03
5.883049277906816053e-03
5.295214247847001947e-03
4.763397992779062895e-03
4.282550414511054372e-03
3.848047119174298741e-03
3.455656456370834444e-03
3.101508831437600408e-03
2.782068159802644162e-03
2.494105337627681388e-03
2.234673608161292981e-03
2.001085708442798452e-03
1.790892686174327085e-03
1.601864281695629649e-03
1.431970775035054004e-03
1.279366202954655132e-03
1.142372855742543021e-03
1.019466968220025110e-03
9.092655240151703696e-04
8.105140965983654005e-04
7.220756548741068476e-04
6.429202652706567361e-04
5.721156262614453649e-04
5.088183750871055466e-04
4.522661101230105872e-04
4.017700758537591705e-04
3.567084607737450739e-04
3.165202617331594904e-04
2.806996712931391627e-04
2.487909475453344943e-04
2.203837285926897821e-04
1.951087564835121062e-04
1.726339778438455805e-04
1.526609907680544773e-04
1.349218097088462280e-04
1.191759221606514252e-04
1.052076128588934329e-04
9.282353302751806775e-05
8.185049390313208092e-05
7.213346535120106358e-05
6.353376187324903516e-05
5.592739968872700900e-05
4.920360986623095810e-05
4.326349368092121186e-05
3.801880749306927806e-05
3.339086548131754457e-05
2.930954952799802346e-05
2.571241644710283968e-05
2.254389357244662462e-05
1.975455448829327394e-05
1.730046739115784096e-05
1.514260922333704434e-05
1.324633931959803716e-05
1.158092686172905087e-05
1.011912694459036051e-05
8.836800524962439948e-06
7.712573953785970687e-06
6.727534186074182816e-06
5.864956123446781863e-06
5.110058874334744136e-06
4.449788018724749018e-06
3.872621240015515906e-06
3.368394938162206671e-06
2.928149667674916946e-06
2.543992452983153106e-06
2.208974223821733906e-06
1.916980786167355496e-06
1.662635901284355390e-06
1.441215187944287571e-06
1.248569692094768121e-06
1.081058085302282351e-06
9.354865592338119368e-07
8.090555792403390576e-07
6.993127466588779073e-07
6.041110975806255046e-07
5.215722363012425983e-07
4.500537651705549898e-07
3.881205297339884302e-07
3.345192494929253536e-07
2.881561508428677863e-07
2.480772602685470268e-07
2.134510531328022761e-07
1.835531868007448092e-07
1.577530767664372669e-07
1.355021012360720930e-07
1.163232435791328738e-07
9.980200346856709243e-08
8.557842664820126425e-08
7.334012032192730460e-08
6.281613636472503029e-08
5.377161810022980967e-08
4.600311844515024067e-08
3.933450794254611568e-08
3.361340073391069105e-08
2.870803498033102075e-08
2.450455174954242547e-08
2.090462304073483668e-08
1.782338551451626435e-08
1.518764171413275466e-08
1.293429518002540471e-08
1.100898993952662169e-08
9.364928456521855252e-09
7.961845305476247415e-09
6.765116637993596317e-09
5.744987980576928830e-09
4.875905077457648778e-09
4.135934406117708244e-09
3.506261675597513465e-09
2.970758095710809203e-09
2.515605502743301875e-09
2.128972565316553430e-09
1.800735291671118287e-09
1.522235933379100190e-09
1.286075145232363877e-09
1.085932929882150147e-09
9.164144803246842553e-10
7.729175437924413937e-10
6.515183760751190460e-10
5.488737437548420486e-10
4.621367703432684282e-10
3.888847170658962655e-10
3.270570455181476673e-10
2.749023324296088955e-10
2.309328005435554621e-10
1.938853978630050691e-10
1.626885034892359776e-10
1.364334648417246680e-10
1.143502807025321115e-10
9.578683946517188416e-11
8.019120410429962362e-11
6.709650639429172269e-11
5.610807425486603745e-11
4.689246906771990940e-11
3.916815550317644182e-11
3.269756579056127910e-11
2.728035430519265480e-11
2.274766756360492867e-11
1.895727985584424761e-11
1.578946635446186562e-11
