5.104250095474443598e-23
2.026537527108487202e-22
7.912513810855136492e-22
3.038165569489795556e-21
1.147216858295112328e-20
4.260069936229475431e-20
1.555697175834947738e-19
5.586895185271328933e-19
1.973118234277171187e-18
6.852875192824912441e-18
2.340613257414057230e-17
7.861829567563023404e-17
2.596896941290101855e-16
8.435735049193387546e-16
2.694810760745045167e-15
8.465853343771175873e-15
2.615473563576519298e-14
7.946338375159139236e-14
2.374219678151142392e-13
6.976086739301589427e-13
2.015765321621017816e-12
5.728028802269360613e-12
1.600691145485962201e-11
4.398929664582534311e-11
1.188840575793521216e-10
3.159638133772617852e-10
8.258253307248943647e-10
2.122639194210796340e-09
5.365389861556218329e-09
1.333716473286520109e-08
3.260339850958158425e-08
7.837893450563773605e-08
1.852989524851453551e-07
4.308079400839463346e-07
9.849894067273033548e-07
2.214708367687141624e-06
4.897096466781654473e-06
1.064873201497693613e-05
2.277163753100682676e-05
4.788811613849630085e-05
9.903720359594927049e-05
2.014216324749703679e-04
4.028570607443248352e-04
7.923790307702233485e-04
1.532682131087840290e-03
2.915468411370941704e-03
5.453831453998555026e-03
1.003303229750534230e-02
1.815096980075001781e-02
3.229271681027846147e-02
5.649974137621830567e-02
9.721324978746127832e-02
1.644907910945130058e-01
2.737126333110262433e-01
4.479042903556362254e-01
7.207965975814605297e-01
1.140715543651908082e+00
1.775330101369991809e+00
2.717177439793933669e+00
4.089724086789346735e+00
6.053508332058459729e+00
8.811653389575560880e+00
1.261376665774852057e+01
1.775698818484479347e+01
2.458277717853850675e+01
3.346799608845581986e+01
4.480903595574365994e+01
5.899818035231964330e+01
7.639215470707621591e+01
9.727383283152846616e+01
1.218092931660894891e+02
1.500036903578773320e+02
1.816605354986798488e+02
2.163497324529355978e+02
2.533898770626704220e+02
2.918497227580792810e+02
3.305722816200195666e+02
3.682228299908059626e+02
4.033593361458910636e+02
4.345208711909802446e+02
4.603268376680129563e+02
4.795778048648543859e+02
4.913477609704459041e+02
4.950579203901451706e+02
4.905238981201637785e+02
4.779708978098376519e+02
4.580151716639625761e+02
4.316138772918554878e+02
3.999890121015879458e+02
3.645338384616496228e+02
3.267117560911522105e+02
2.879577697793442326e+02
2.495916008481672748e+02
2.127493577704944414e+02
1.783379108938571278e+02
1.470131617721985435e+02
1.191806876641933712e+02
9.501511140293463598e+01
7.449319522039171204e+01
5.743513544846501873e+01
4.354876289440537107e+01
3.247215572658075189e+01
2.381132406584938010e+01
1.717090147466627315e+01
1.217698504874857512e+01
8.492265732293953207e+00
5.824310286031578521e+00
3.928281104640208188e+00
2.605539960800980825e+00
1.699534732596375886e+00
1.090183178619771542e+00
6.877111009561556187e-01
4.266283571403166608e-01
2.602738454939061974e-01
1.561523284845479920e-01
9.213052086996936785e-02
5.345590842304062673e-02
3.050176902282165578e-02
1.711557396709626269e-02
9.444849310776210274e-03
5.125493945531164712e-03
2.735354019809338802e-03
1.435583591463075607e-03
7.409357588984487146e-04
3.760709181767120119e-04
1.877137439014554062e-04
9.214239976240139066e-05
4.447952000629094214e-05
2.111532600708575455e-05
9.857632335402629012e-06
4.525687546736275833e-06
2.043307099004062379e-06
9.072351050067737698e-07
3.961349633389514484e-07
1.700997323033312881e-07
7.182922998269051251e-08
2.982880928042684443e-08
1.218169579211711117e-08
4.892340867459490970e-09
1.932247671942371435e-09
7.504918891956452330e-10
2.866595001930254047e-10
1.076772118375379178e-10
3.977575113152826395e-11
1.444940964998878552e-11
5.162011215507777772e-12
1.813530691322096104e-12
6.265676981782067056e-13
2.128865478403227945e-13
7.113208901806278630e-14
2.337329998358861167e-14
7.552863374300133264e-15
2.400160865436121532e-15
7.500776030769483031e-16
2.305202974691870855e-16
6.967055509483004645e-17
2.070744402699193414e-17
6.052584306100944949e-18
1.739771950558293347e-18
4.917913976396728342e-19
1.367120063546977463e-19
3.737399404119609958e-20
1.004776555303728863e-20
2.656480302105212917e-21
6.906862858669133891e-22
1.766006068646553741e-22
4.440589998064371253e-23
1.098060545328295997e-23
2.670232169365208125e-24
6.385705510215634210e-25
1.501778473316701764e-25
3.473281549053504648e-26
7.899711475240967877e-27
1.766931023053610942e-27
3.886557418990613710e-28
8.407128905446731020e-29
1.788411486635134695e-29
3.741315392180895838e-30
7.696943820969138380e-31
1.557218084467100512e-31
3.098258762048907876e-32
6.062099500828881100e-33
1.166448476464644593e-33
2.207217780156617570e-34
4.107352133447186702e-35
7.516502654801628211e-36
1.352716597449857438e-36
2.394059546324760797e-37
4.166776475888428800e-38
7.131856316529550928e-39
1.200444516880000328e-39
1.987095434443796540e-40
3.234688650201799943e-41
5.178254244258635183e-42
8.152135335130353130e-43
1.262107995032709489e-43
1.921581375553013362e-44
2.877121283062976986e-45
4.236377809217810979e-46
6.134346805906362945e-47
