3.779276253964693466e-35
1.461977194579413456e-34
5.592817415077446572e-34
2.115820247065462169e-33
7.915620781064969812e-33
2.928527288520546333e-32
1.071449371405237910e-31
3.876610051823069933e-31
1.387045362405644809e-30
4.907804965416617111e-30
1.717283553523238282e-29
5.942303230030153111e-29
2.033413453410830893e-28
6.881049142888014091e-28
2.302723061226153105e-27
7.620559268860436172e-27
2.493963332221327169e-26
8.071446391845717503e-26
2.583275668107065109e-25
8.176138206246871475e-25
2.559079504590726068e-24
7.920952650192330381e-24
2.424538806494739304e-23
7.339034785871087369e-23
2.196882536860563771e-22
6.503285360850188906e-22
1.903780479345425224e-21
5.511362942039429997e-21
1.577826471489416500e-20
4.467016413850527661e-20
1.250644687006817016e-19
3.462648602905500970e-19
9.480712627656656789e-19
2.567034047097092088e-18
6.873538330836264716e-18
1.820066151084790834e-17
4.765978412225011475e-17
1.234170191325492816e-16
3.160502357789007329e-16
8.003782318876859918e-16
2.004437422251930419e-15
4.964183423723997281e-15
1.215797432107283726e-14
2.944643391522209827e-14
7.052811507282351975e-14
1.670513273111956051e-13
3.912872243162349112e-13
9.063574101060554058e-13
2.076162752221842550e-12
4.703069370656622546e-12
1.053560447454570964e-11
2.333971859137873534e-11
5.113165579918383269e-11
1.107751079722266203e-10
2.373299737747753087e-10
5.028298884287929007e-10
1.053531830614366753e-09
2.182892369232683800e-09
4.472754566384504980e-09
9.063081737608887606e-09
1.816079306310506282e-08
3.598751067747417678e-08
7.052236816864636345e-08
1.366658643814586382e-07
2.619095300787806648e-07
4.963644096507129298e-07
9.302679332324811602e-07
1.724144065260661480e-06
3.160073152810591524e-06
5.727680771805430969e-06
1.026640889330607328e-05
1.819769551080489928e-05
3.189865081395090653e-05
5.529505813286840395e-05
9.478910166748820648e-05
1.606898997421485353e-04
2.693871254805397511e-04
4.466045840262270329e-04
7.321964192937872526e-04
1.187107664279335060e-03
1.903315135028451136e-03
3.017792516442194609e-03
4.731797356872602910e-03
7.337041598697399691e-03
1.125055402334088940e-02
1.706023155223701515e-02
2.558315000693925367e-02
3.793859096687383220e-02
5.563735315934358744e-02
8.068815942431081800e-02
1.157207502597231152e-01
1.641234949021790346e-01
2.301910087507023639e-01
3.192743576122132887e-01
4.379230525892239823e-01
5.940043958699742221e-01
7.967821468520057682e-01
1.056933379985612209e+00
1.386480345331654096e+00
1.798613732026726586e+00
2.307385590758950666e+00
2.927254831834248616e+00
3.672476038158500877e+00
4.556333388786915961e+00
5.590235467530014546e+00
6.782702871848448112e+00
8.138297610502347013e+00
9.656559630646214032e+00
1.133102948680644495e+01
1.314844508079424479e+01
1.508820262348799801e+01
1.712216597551961428e+01
1.921489349125661050e+01
2.132432752579745383e+01
2.340296004399924712e+01
2.539945055023977005e+01
2.726063303594463605e+01
2.893381067080324343e+01
3.036920463512173995e+01
3.152240064568283984e+01
3.235662645086374312e+01
3.284469774796684050e+01
3.297048897866739736e+01
3.272981801672561630e+01
3.213067704747184905e+01
3.119279186045319463e+01
2.994654345220553537e+01
2.843133417191801016e+01
2.669352094602164627e+01
2.478406665115806007e+01
2.275607510764375618e+01
2.066237468435549829e+01
1.855330101193727188e+01
1.647480309798993758e+01
1.446696260018415892e+01
1.256297711593481559e+01
1.078861915743307698e+01
9.162146684322367562e+00
7.694611589643656657e+00
6.390491302376336336e+00
5.248556514065239043e+00
4.262884751983741616e+00
3.423934036557092053e+00
2.719601492630693507e+00
2.136206520941012599e+00
1.659354914813308213e+00
1.274657247093047729e+00
9.682904242211902712e-01
7.274044245750135307e-01
5.403862920841702167e-01
3.970002617840837633e-01
2.884266238808564919e-01
2.072230128589463427e-01
1.472308112014150683e-01
1.034469070163512444e-01
7.187773765370404633e-02
4.938890213791814060e-02
3.356003688150500236e-02
2.255140323136708633e-02
1.498589879878115330e-02
9.848046813474420694e-03
6.399934029239667463e-03
4.113002506235576179e-03
2.613969614796022526e-03
1.642858578080292264e-03
1.021075624051622421e-03
6.275866853562471958e-04
3.814587820920133229e-04
2.292870878749711093e-04
1.362917798391966907e-04
8.011573319512180463e-05
4.657190941621025716e-05
2.677246506462863674e-05
1.521986362199782665e-05
8.556403275875495011e-06
4.756963440271241852e-06
2.615329821741528052e-06
1.421939773617547009e-06
7.645291034440912806e-07
4.065040965771783906e-07
2.137439912467374204e-07
1.111427112294550863e-07
5.715130385330939588e-08
2.906225993900777063e-08
1.461472698674109004e-08
7.267919606949663113e-09
3.574272063237766462e-09
1.738293805398271846e-09
8.360203372396084834e-10
3.976203342843767506e-10
1.870158492770425285e-10
8.698539210983481639e-11
4.001034729733187351e-11
1.819937194043328154e-11
8.186505620454800376e-12
3.641655102819289671e-12
1.601980197434043048e-12
6.969049652873114192e-13
2.998113418627341484e-13
1.275500524539667444e-13
